structure(list(trainfold = c(1, 2, 3, 4, 5, 6, 7, 8, 9, 10, 11, 
12, 13, 14, 15, 16, 17, 18, 19, 20, 21, 22, 23, 24, 25, 26, 27, 
28, 29, 30, 31, 32, 33, 34, 35, 36, 37, 38, 39, 40, 41, 42, 43, 
44, 45, 46, 47, 48, 49, 50, 51, 52, 53, 54, 55, 56, 57, 58, 59, 
60, 61, 62, 63, 64, 65, 66, 67, 68, 69, 70, 71, 72, 73, 74, 75
), validfold = c(5, 6, 7, 8, 9, 10, 11, 12, 13, 14, 15, 16, 17, 
18, 19, 20, 21, 22, 23, 24, 25, 26, 27, 28, 29, 30, 31, 32, 33, 
34, 35, 36, 37, 38, 39, 40, 41, 42, 43, 44, 45, 46, 47, 48, 49, 
50, 51, 52, 53, 54, 55, 56, 57, 58, 59, 60, 61, 62, 63, 64, 65, 
66, 67, 68, 69, 70, 71, 72, 73, 74, 75, 76, 77, 78, 79), trainmonth = c("2001/05", 
"2001/06", "2001/07", "2001/08", "2001/09", "2001/10", "2001/11", 
"2001/12", "2002/01", "2002/02", "2002/03", "2002/04", "2002/05", 
"2002/06", "2002/07", "2002/08", "2002/09", "2002/10", "2002/11", 
"2002/12", "2003/01", "2003/02", "2003/03", "2003/04", "2003/05", 
"2003/06", "2003/07", "2003/08", "2003/09", "2003/10", "2003/11", 
"2003/12", "2004/01", "2004/02", "2004/03", "2004/04", "2004/05", 
"2004/06", "2004/07", "2004/08", "2004/09", "2004/10", "2004/11", 
"2004/12", "2005/01", "2005/02", "2005/03", "2005/04", "2005/05", 
"2005/06", "2005/07", "2005/08", "2005/09", "2005/10", "2005/11", 
"2005/12", "2006/01", "2006/02", "2006/03", "2006/04", "2006/05", 
"2006/06", "2006/07", "2006/08", "2006/09", "2006/10", "2006/11", 
"2006/12", "2007/01", "2007/02", "2007/03", "2007/04", "2007/05", 
"2007/06", "2007/07"), validmonth = c("2001/09", "2001/10", "2001/11", 
"2001/12", "2002/01", "2002/02", "2002/03", "2002/04", "2002/05", 
"2002/06", "2002/07", "2002/08", "2002/09", "2002/10", "2002/11", 
"2002/12", "2003/01", "2003/02", "2003/03", "2003/04", "2003/05", 
"2003/06", "2003/07", "2003/08", "2003/09", "2003/10", "2003/11", 
"2003/12", "2004/01", "2004/02", "2004/03", "2004/04", "2004/05", 
"2004/06", "2004/07", "2004/08", "2004/09", "2004/10", "2004/11", 
"2004/12", "2005/01", "2005/02", "2005/03", "2005/04", "2005/05", 
"2005/06", "2005/07", "2005/08", "2005/09", "2005/10", "2005/11", 
"2005/12", "2006/01", "2006/02", "2006/03", "2006/04", "2006/05", 
"2006/06", "2006/07", "2006/08", "2006/09", "2006/10", "2006/11", 
"2006/12", "2007/01", "2007/02", "2007/03", "2007/04", "2007/05", 
"2007/06", "2007/07", "2007/08", "2007/09", "2007/10", "2007/11"
), EALR.Prec = c(0.0994475138121547, 0.185074626865672, 0.34375, 
0.193146417445483, 0.172323759791123, 0.318181818181818, 0.292553191489362, 
0.203196347031963, 0.176991150442478, 0.2, 0.264462809917355, 
0.220512820512821, 0.168831168831169, 0.166666666666667, 0.152882205513784, 
0.168896321070234, 0.159613059250302, 0.155844155844156, 0.333333333333333, 
0.160714285714286, 0.144444444444444, 0.157760814249364, 0.161643835616438, 
0.142307692307692, 0.142857142857143, 0.192660550458716, 0.186567164179104, 
0.162637362637363, 0.13563829787234, 0.136363636363636, 0.168571428571429, 
0.167725540025413, 0.149171270718232, 0.129770992366412, 0.273504273504274, 
0.1875, 0.171779141104294, 0.15049504950495, 0.17184265010352, 
0.169491525423729, 0.110403397027601, 0.321428571428571, 0.0961538461538462, 
0.114355231143552, 0.130346232179226, 0.154838709677419, 0.118942731277533, 
0.0744047619047619, 0.0619718309859155, 0.117808219178082, 0.14621409921671, 
0.132211538461538, 0.0764705882352941, 0.0806451612903226, 0.0896551724137931, 
0.12280701754386, 0.116822429906542, 0.108108108108108, 0.10752688172043, 
0.0833333333333333, 0.069620253164557, 0.092511013215859, 0.0855263157894737, 
0.133333333333333, 0.182432432432432, 0.171232876712329, 0.0747663551401869, 
0.0643564356435644, 0.119047619047619, 0.079646017699115, 0.0706319702602231, 
0.0699300699300699, 0.0481099656357388, 0.0348258706467662, 0
), RandomForest.Prec = c(0.226890756302521, 0.339449541284404, 
0.245614035087719, 0.459016393442623, 0.409090909090909, 0.455882352941176, 
0.266666666666667, 0.386473429951691, 0.163934426229508, 0.307692307692308, 
0.5, 0.509090909090909, 0.45, 0.24203821656051, 0.361702127659574, 
0.346153846153846, 0.52, 0.336206896551724, 0.384615384615385, 
0.592592592592593, 0.5, 0.5, 0.517857142857143, 0.580645161290323, 
0.611111111111111, 0.428571428571429, 0.233333333333333, 0.285714285714286, 
0.185185185185185, 0.230769230769231, 0.224137931034483, 0.21875, 
0.219730941704036, 0.363636363636364, 0.336538461538462, 0.459459459459459, 
0.225, 0.171171171171171, 0.310924369747899, 0.218884120171674, 
0.311926605504587, 0.465909090909091, 0.426966292134831, 0.584905660377358, 
0.536585365853659, 0.272727272727273, 0.375, 0.166666666666667, 
0.25974025974026, 0.306451612903226, 0.311475409836066, 0.263888888888889, 
0.3, 0.368421052631579, 0.263157894736842, 0.348837209302326, 
0.5, 0.36, 0.159090909090909, 0.174418604651163, 0.112676056338028, 
0.149253731343284, 0.135802469135802, 0.325581395348837, 0.285714285714286, 
0.314285714285714, 0.317073170731707, 0.28, 0.25, 0.2, 0.0963855421686747, 
0.2, 0.102564102564103, 0, 0), J48.Prec = c(0.148936170212766, 
0.0901287553648069, 0.202702702702703, 0.255813953488372, 0.172413793103448, 
0.287581699346405, 0.171497584541063, 0.328502415458937, 0.223118279569892, 
0.105670103092784, 0.178082191780822, 0.444444444444444, 0.353383458646617, 
0.427083333333333, 0.25974025974026, 0.467532467532468, 0.296943231441048, 
0.317829457364341, 0.3125, 0.25609756097561, 0.310810810810811, 
0.363636363636364, 0.369230769230769, 0.283870967741935, 0.4, 
0.25, 0.159420289855072, 0.261904761904762, 0.125, 0.110236220472441, 
0.296943231441048, 0.181818181818182, 0.176470588235294, 0.518518518518518, 
0.352941176470588, 0.266666666666667, 0.297297297297297, 0.238095238095238, 
0.272108843537415, 0.197628458498024, 0.2375, 0.300653594771242, 
0.421052631578947, 0.298701298701299, 0.316666666666667, 0.0666666666666667, 
0.214285714285714, 0.123595505617978, 0.154838709677419, 0.203125, 
0.123595505617978, 0.16025641025641, 0.226190476190476, 0.205128205128205, 
0.205128205128205, 0.4, 0.193548387096774, 0.22972972972973, 
0.0909090909090909, 0.15625, 0.111111111111111, 0.155038759689922, 
0.08, 0.15, 0.2, 0.192982456140351, 0.188405797101449, 0.171428571428571, 
0.125, 0.181818181818182, 0.153846153846154, 0.0972222222222222, 
0.1, 0.0754716981132075, 0), IBk.Prec = c(0.216216216216216, 
0.336633663366337, 0.25531914893617, 0.428571428571429, 0.359223300970874, 
0.357142857142857, 0.26953125, 0.393822393822394, 0.322368421052632, 
0.270833333333333, 0.461538461538462, 0.483870967741935, 0.438202247191011, 
0.22568093385214, 0.274611398963731, 0.375, 0.5, 0.538461538461538, 
0.176470588235294, 0.5, 0.416666666666667, 0.425287356321839, 
0.353846153846154, 0.611111111111111, 0.571428571428571, 0.431818181818182, 
0.301587301587302, 0.204545454545455, 0.214285714285714, 0.216216216216216, 
0.29, 0.252336448598131, 0.214788732394366, 0.545454545454545, 
0.397058823529412, 0.310810810810811, 0.247787610619469, 0.265822784810127, 
0.310924369747899, 0.414814814814815, 0.383838383838384, 0.454545454545455, 
0.48, 0.571428571428571, 0.487179487179487, 0.346153846153846, 
0.384615384615385, 0.216666666666667, 0.212765957446809, 0.333333333333333, 
0.248366013071895, 0.26605504587156, 0.314285714285714, 0.245454545454545, 
0.270833333333333, 0.413793103448276, 0.194444444444444, 0.517241379310345, 
0.150943396226415, 0.246153846153846, 0.210526315789474, 0.285714285714286, 
0.278688524590164, 0.326923076923077, 0.380952380952381, 0.226190476190476, 
0.256410256410256, 0.209677419354839, 0.120689655172414, 0.15625, 
0.159090909090909, 0.173913043478261, 0.0625, 0.0491803278688525, 
0), ns.UP.Prec = c(0, 0, 0, 0, 0, 0, 0, 0, 0, 0.0025, 0.00267379679144385, 
0, 0, 0, 0, 0, 0, 0, 0, 0, 0, 0, 0, 0, 0, 0, 0, 0, 0, 0, 0, 0, 
0, 0, 0.00269541778975741, 0, 0, 0, 0, 0, 0, 0, 0, 0, 0, 0, 0, 
0, 0, 0, 0, 0, 0, 0, 0, 0, 0, 0, 0, 0, 0, 0, 0, 0, 0, 0, 0, 0, 
0, 0, 0, 0, 0, 0, 0),