structure(list(trainfold = c(1, 2, 3, 4, 5, 6, 7, 8, 9, 10, 11, 
12, 13, 14, 15, 16, 17, 18, 19, 20, 21, 22, 23, 24, 25, 26, 27, 
28, 29, 30, 31, 32, 33, 34, 35, 36, 37, 38, 39, 40, 41, 42, 43, 
44, 45, 46, 47, 48, 49, 50, 51, 52, 53, 54, 55, 56, 57, 58, 59, 
60, 61, 62, 63, 64, 65, 66, 67, 68, 69, 70, 71, 72, 73, 74, 75, 
76, 77, 78, 79, 80, 81, 82, 83, 84, 85, 86, 87, 88, 89, 90, 91, 
92, 93, 94, 95, 96), validfold = c(5, 6, 7, 8, 9, 10, 11, 12, 
13, 14, 15, 16, 17, 18, 19, 20, 21, 22, 23, 24, 25, 26, 27, 28, 
29, 30, 31, 32, 33, 34, 35, 36, 37, 38, 39, 40, 41, 42, 43, 44, 
45, 46, 47, 48, 49, 50, 51, 52, 53, 54, 55, 56, 57, 58, 59, 60, 
61, 62, 63, 64, 65, 66, 67, 68, 69, 70, 71, 72, 73, 74, 75, 76, 
77, 78, 79, 80, 81, 82, 83, 84, 85, 86, 87, 88, 89, 90, 91, 92, 
93, 94, 95, 96, 97, 98, 99, 100), trainmonth = c("1998/08", "1998/09", 
"1998/10", "1998/11", "1998/12", "1999/01", "1999/02", "1999/03", 
"1999/04", "1999/05", "1999/06", "1999/07", "1999/08", "1999/09", 
"1999/10", "1999/11", "1999/12", "2000/01", "2000/02", "2000/03", 
"2000/04", "2000/05", "2000/06", "2000/07", "2000/08", "2000/09", 
"2000/10", "2000/11", "2000/12", "2001/01", "2001/02", "2001/03", 
"2001/04", "2001/05", "2001/06", "2001/07", "2001/08", "2001/09", 
"2001/10", "2001/11", "2001/12", "2002/01", "2002/02", "2002/03", 
"2002/04", "2002/05", "2002/06", "2002/07", "2002/08", "2002/09", 
"2002/10", "2002/11", "2002/12", "2003/01", "2003/02", "2003/03", 
"2003/04", "2003/05", "2003/06", "2003/07", "2003/08", "2003/09", 
"2003/10", "2003/11", "2003/12", "2004/01", "2004/02", "2004/03", 
"2004/04", "2004/05", "2004/06", "2004/07", "2004/08", "2004/09", 
"2004/10", "2004/11", "2004/12", "2005/01", "2005/02", "2005/03", 
"2005/04", "2005/05", "2005/06", "2005/07", "2005/08", "2005/09", 
"2005/10", "2005/11", "2005/12", "2006/01", "2006/02", "2006/03", 
"2006/04", "2006/05", "2006/06", "2006/07"), validmonth = c("1998/12", 
"1999/01", "1999/02", "1999/03", "1999/04", "1999/05", "1999/06", 
"1999/07", "1999/08", "1999/09", "1999/10", "1999/11", "1999/12", 
"2000/01", "2000/02", "2000/03", "2000/04", "2000/05", "2000/06", 
"2000/07", "2000/08", "2000/09", "2000/10", "2000/11", "2000/12", 
"2001/01", "2001/02", "2001/03", "2001/04", "2001/05", "2001/06", 
"2001/07", "2001/08", "2001/09", "2001/10", "2001/11", "2001/12", 
"2002/01", "2002/02", "2002/03", "2002/04", "2002/05", "2002/06", 
"2002/07", "2002/08", "2002/09", "2002/10", "2002/11", "2002/12", 
"2003/01", "2003/02", "2003/03", "2003/04", "2003/05", "2003/06", 
"2003/07", "2003/08", "2003/09", "2003/10", "2003/11", "2003/12", 
"2004/01", "2004/02", "2004/03", "2004/04", "2004/05", "2004/06", 
"2004/07", "2004/08", "2004/09", "2004/10", "2004/11", "2004/12", 
"2005/01", "2005/02", "2005/03", "2005/04", "2005/05", "2005/06", 
"2005/07", "2005/08", "2005/09", "2005/10", "2005/11", "2005/12", 
"2006/01", "2006/02", "2006/03", "2006/04", "2006/05", "2006/06", 
"2006/07", "2006/08", "2006/09", "2006/10", "2006/11"), EALR.Prec = c(0, 
0.411764705882353, 0.533333333333333, 0.5, 0.285714285714286, 
0.35, 0.5, 0.555555555555556, 0.666666666666667, 0.5, 0, 0, 0.483870967741935, 
0.438356164383562, 0.310344827586207, 0.4, 0.32, 0.275862068965517, 
0.5, 0.333333333333333, 0.2, 0.666666666666667, 0.666666666666667, 
0.2, 0.416666666666667, 1, 0.478260869565217, 0.5, 0.285714285714286, 
0.428571428571429, 0.333333333333333, 0.5, 0.538461538461538, 
0.411764705882353, 0.230769230769231, 0, 0, 0.157894736842105, 
0.24, 0.5, 0.504, 0.213114754098361, 0.197674418604651, 0.182692307692308, 
0.25, 0.369230769230769, 0.473684210526316, 0.470588235294118, 
0.469879518072289, 0.461538461538462, 0.391304347826087, 1, 0.25, 
0.5, 0.25, 0.473684210526316, 0.421052631578947, 0.411764705882353, 
0.451612903225806, 0.75, 0.5, 0.333333333333333, 0.4, 0.28125, 
0.35, 0.555555555555556, 0.5, 0.469387755102041, 0.777777777777778, 
0.227272727272727, 0.357142857142857, 0.3125, 0.315789473684211, 
0.415730337078652, 0.494949494949495, 0.678571428571429, 0.458333333333333, 
0.451612903225806, 0.388888888888889, 0.432432432432432, 0.636363636363636, 
0.35, 0.5, 0.358974358974359, 0.425, 0.5, 0.333333333333333, 
0.409090909090909, 0.5, 0.265060240963855, 0.288461538461538, 
0.4375, 0.431372549019608, 0.230769230769231, 0.172413793103448, 
0.142857142857143), RandomForest.Prec = c(0, 0.25, 0.6, 0.6, 
0.666666666666667, 0.8, 0.444444444444444, 0.6, 0.714285714285714, 
0.625, 0.5, 0.5, 0.875, 1, 0.8, 1, 0.166666666666667, 0.166666666666667, 
1, 0.5, 0.5, 0.75, 1, 0.5, 1, 0.642857142857143, 0.466666666666667, 
0.363636363636364, 0.7, 0.529411764705882, 0.5, 0.375, 0.555555555555556, 
0.5, 0.142857142857143, 0, 0.111111111111111, 0.485714285714286, 
0.666666666666667, 0.609756097560976, 0.491666666666667, 0.205357142857143, 
0.176470588235294, 0.271186440677966, 0.434343434343434, 0.538461538461538, 
0.482758620689655, 0.553571428571429, 0.641509433962264, 0.612903225806452, 
1, 1, 0.5, 0.416666666666667, 0.75, 0.535714285714286, 1, 1, 
0.555555555555556, 0.7, 1, 0.25, 0.5, 0.8, 0.625, 1, 0.736842105263158, 
1, 1, 0.285714285714286, 1, 0.642857142857143, 1, 0.478260869565217, 
0.597222222222222, 0.724137931034483, 0.909090909090909, 0.5, 
0.5625, 0.882352941176471, 0.916666666666667, 0.416666666666667, 
1, 0.423076923076923, 0.434782608695652, 0.523809523809524, 0.666666666666667, 
0.476190476190476, 0.631578947368421, 0.583333333333333, 0.692307692307692, 
0.866666666666667, 0.571428571428571, 0.454545454545455, 0.545454545454545, 
0.25), J48.Prec = c(0, 0.6, 0.555555555555556, 0.333333333333333, 
0.5, 0.5, 0.125, 0.166666666666667, 1, 0.7, 0, 0, 0.75, 0.714285714285714, 
0.25, 0.888888888888889, 0.375, 0.142857142857143, 1, 0, 0.5, 
0.714285714285714, 0.666666666666667, 0.75, 0.75, 1, 0.5625, 
0.375, 0.5, 0.428571428571429, 0.454545454545455, 0.615384615384615, 
0.571428571428571, 0.470588235294118, 0.333333333333333, 0.1, 
0, 0.523809523809524, 0.5, 0.594594594594595, 0.536842105263158, 
0.201923076923077, 0.179487179487179, 0.184466019417476, 0.38961038961039, 
0.477611940298507, 0.436363636363636, 0.535714285714286, 0.642857142857143, 
0.622641509433962, 0.8, 1, 1, 0.5, 0.75, 0.447368421052632, 0.545454545454545, 
0.666666666666667, 0.666666666666667, 0.6, 0.5, 0.333333333333333, 
0.8, 0.428571428571429, 0.666666666666667, 1, 0.833333333333333, 
0.833333333333333, 0.833333333333333, 0.5, 0.666666666666667, 
0.36, 0.833333333333333, 0.519230769230769, 0.5, 0.619047619047619, 
0.75, 0.5, 0.55, 0.863636363636364, 0.615384615384615, 0.5, 0.75, 
0.5, 0.692307692307692, 0.321428571428571, 0.636363636363636, 
1, 0.666666666666667, 0.857142857142857, 0.473684210526316, 0.8, 
0.666666666666667, 0.307692307692308, 0.444444444444444, 0.25
), IBk.Prec = c(0.266666666666667, 0, 0.5, 0.75, 0.454545454545455, 
0.636363636363636, 0.444444444444444, 0.555555555555556, 0.5, 
0.7, 0.5, 0, 1, 1, 0.545454545454545, 0.909090909090909, 0.461538461538462, 
0.533333333333333, 1, 0.25, 0.25, 0.571428571428571, 0.8, 0.5, 
1, 1, 0.567567567567568, 0.424242424242424, 1, 0.416666666666667, 
0.388888888888889, 0.75, 0.666666666666667, 0.4, 0.333333333333333, 
0.142857142857143, 0.111111111111111, 0.578947368421053, 0.5, 
0.617647058823529, 0.467741935483871, 0.269230769230769, 0.304347826086957, 
0.227272727272727, 0.4125, 0.406779661016949, 0.5, 0.642857142857143, 
0.629032258064516, 0.59375, 0.8, 1, 0.8, 0.5, 0.714285714285714, 
0.411764705882353, 0.5, 0.5, 0.666666666666667, 0.6, 0.5, 0.352941176470588, 
0.55, 0.3, 1, 0.6, 1, 1, 0.666666666666667, 0.363636363636364, 
1, 0.615384615384615, 0.648648648648649, 0.36231884057971, 0.432098765432099, 
0.714285714285714, 0.9, 0.5, 0.611111111111111, 0.666666666666667, 
0.611111111111111, 0.705882352941177, 0.777777777777778, 0.3, 
0.578947368421053, 1, 1, 0.6, 0.8, 0.555555555555556, 0.9, 0.866666666666667, 
0.666666666666667, 0.571428571428571, 0.2, 0.333333333333333),