structure(list(trainfold = c(1, 2, 3, 4, 5, 6, 7, 8, 9, 10, 11, 
12, 13, 14, 15, 16, 17, 18, 19, 20, 21, 22, 23, 24, 25, 26, 27, 
28, 29, 30, 31, 32, 33, 34, 35, 36, 37, 38, 39, 40, 41, 42, 43, 
44, 45, 46, 47, 48, 49, 50, 51, 52, 53, 54, 55, 56, 57, 58, 59, 
60, 61, 62, 63, 64, 65, 66, 67, 68, 69, 70, 71, 72, 73, 74, 75
), validfold = c(5, 6, 7, 8, 9, 10, 11, 12, 13, 14, 15, 16, 17, 
18, 19, 20, 21, 22, 23, 24, 25, 26, 27, 28, 29, 30, 31, 32, 33, 
34, 35, 36, 37, 38, 39, 40, 41, 42, 43, 44, 45, 46, 47, 48, 49, 
50, 51, 52, 53, 54, 55, 56, 57, 58, 59, 60, 61, 62, 63, 64, 65, 
66, 67, 68, 69, 70, 71, 72, 73, 74, 75, 76, 77, 78, 79), trainmonth = c("2001/05", 
"2001/06", "2001/07", "2001/08", "2001/09", "2001/10", "2001/11", 
"2001/12", "2002/01", "2002/02", "2002/03", "2002/04", "2002/05", 
"2002/06", "2002/07", "2002/08", "2002/09", "2002/10", "2002/11", 
"2002/12", "2003/01", "2003/02", "2003/03", "2003/04", "2003/05", 
"2003/06", "2003/07", "2003/08", "2003/09", "2003/10", "2003/11", 
"2003/12", "2004/01", "2004/02", "2004/03", "2004/04", "2004/05", 
"2004/06", "2004/07", "2004/08", "2004/09", "2004/10", "2004/11", 
"2004/12", "2005/01", "2005/02", "2005/03", "2005/04", "2005/05", 
"2005/06", "2005/07", "2005/08", "2005/09", "2005/10", "2005/11", 
"2005/12", "2006/01", "2006/02", "2006/03", "2006/04", "2006/05", 
"2006/06", "2006/07", "2006/08", "2006/09", "2006/10", "2006/11", 
"2006/12", "2007/01", "2007/02", "2007/03", "2007/04", "2007/05", 
"2007/06", "2007/07"), validmonth = c("2001/09", "2001/10", "2001/11", 
"2001/12", "2002/01", "2002/02", "2002/03", "2002/04", "2002/05", 
"2002/06", "2002/07", "2002/08", "2002/09", "2002/10", "2002/11", 
"2002/12", "2003/01", "2003/02", "2003/03", "2003/04", "2003/05", 
"2003/06", "2003/07", "2003/08", "2003/09", "2003/10", "2003/11", 
"2003/12", "2004/01", "2004/02", "2004/03", "2004/04", "2004/05", 
"2004/06", "2004/07", "2004/08", "2004/09", "2004/10", "2004/11", 
"2004/12", "2005/01", "2005/02", "2005/03", "2005/04", "2005/05", 
"2005/06", "2005/07", "2005/08", "2005/09", "2005/10", "2005/11", 
"2005/12", "2006/01", "2006/02", "2006/03", "2006/04", "2006/05", 
"2006/06", "2006/07", "2006/08", "2006/09", "2006/10", "2006/11", 
"2006/12", "2007/01", "2007/02", "2007/03", "2007/04", "2007/05", 
"2007/06", "2007/07", "2007/08", "2007/09", "2007/10", "2007/11"
), EALR.F1 = c(0.0523136500299865, 0.100656110818084, 0.17721469031101, 
0.102361886936872, 0.0923990112867354, 0.161219763381565, 0.1548454001493, 
0.165572600222758, 0.198535040140566, 0.107526680220575, 0.0536080463393662, 
0.110475894059752, 0.129031943173321, 0.218473542556336, 0.270160833054315, 
0.0277007824066046, 0.119402635213631, 0.226982950489625, 0.210309018325329, 
0.0815530304475049, 0.0671560816915069, 0.136538150888281, 0.152957723881941, 
0.279069271769404, 0.29337489593473, 0.203570928732095, 0.0891716855662737, 
0.146067037938106, 0.243064231464646, 0.285907377330774, 0.247311328395188, 
0.258726428244009, 0.186174622497428, 0.20217691699893, 0.321940192947644, 
0.218044625849072, 0.183535282700892, 0.255063381560148, 0.22001940136867, 
0.321059884097851, 0.31168781603878, 0.318231544644721, 0.207704823133631, 
0.229650701731591, 0.226147909920071, 0.171874683296787, 0.142856782756084, 
0.0999995651153128, 0.135592804966123, 0.198245205657967, 0.330725783730274, 
0.337999521218678, 0.350077999147995, 0.252606711907528, 0.219450871883153, 
0.212263773596701, 0.168749601250942, 0.168497731622381, 0.189054299746019, 
0.207228508684208, 0.121981863684834, 0.271356427395736, 0.322301713510266, 
0.249432610096576, 0.25179810680171, 0.190908652691548, 0.229298937551197, 
0.256841644463985, 0.189393580005273, 0.183205651186962, 0.357142393017185, 
0.122666401508129, 0.0540535836417856, 0.0808075869839381, 0.0273967678827471
), RandomForest.F1 = c(0.0240960743254015, 0.0281686033584982, 
0.0307691152667058, 0.139534383728241, 0.120171322368358, 0.202898058018886, 
0.28213116240593, 0.126153403433506, 0.245363284593365, 0.1192047982127, 
0.2133328688899, 0.26143743773847, 0.171003265074924, 0.143209459534822, 
0.153845890174731, 0.027855114966572, 0.142856758843181, 0.0606058526914818, 
0.212927265510248, 0.199004504840101, 0.14583299745086, 0.15635133741604, 
0.180790484727863, 0.160458112035928, 0.151960392746588, 0.243559260458607, 
0.196580702289577, 0.278145210571531, 0.412370638089793, 0.324535193345585, 
0.0633372684156695, 0.265324356828542, 0.229085755033454, 0.332529644523834, 
0.147239076969638, 0.259927483950385, 0.216666374321382, 0.201341932085749, 
0.191999689728501, 0.313807151205797, 0.344427922518951, 0.320839159134629, 
0.234482412729404, 0.203636043636866, 0.303854418067234, 0.165413168410553, 
0.276729202642761, 0.235293672202477, 0.172727043843278, 0.300394798544654, 
0.23234590231524, 0.188436575985378, 0.260254277568217, 0.157635249538564, 
0.204933243010848, 0.0540539845792631, 0.0222221787655171, 0.220858398887037, 
0.247422219152736, 0.349056110182257, 0.223107150680935, 0.196318605424483, 
0.341040020582617, 0.264462533980207, 0.348754020896916, 0.30029984099485, 
0.275659409534425, 0.282527417863973, 0.104166209203398, 0.274999511250869, 
0.222221745051795, 0.210525822150516, 0.223528969966271, 0.0634915715583592, 
0.105262665437823), J48.F1 = c(0.104761470251235, 0.077347573032052, 
0.115225837459197, 0.129186141378906, 0.186185689474582, 0.0905920246705348, 
0.159345822815606, 0.17427337959189, 0.220154546261543, 0.16386528363152, 
0.215908661222446, 0.0206185163142464, 0.201030432140663, 0.170677867551531, 
0.170322085082815, 0.00564970627855023, 0.228497576769958, 0.181383779610577, 
0.0786514126382392, 0.14778277803544, 0.0839689773060275, 0.269112674766337, 
0.197530392543328, 0.15129977868455, 0.159805895726483, 0.178272622031897, 
0.103447895182402, 0.0702872847134379, 0.357142379626854, 0.241410833664106, 
0.09022527227323, 0.134575210919601, 0.264307512514467, 0.326018308901033, 
0.139534447854255, 0.319327262168301, 0.126800901992872, 0.0843088260682853, 
0.0641708153951088, 0.177685561369611, 0.143999615970304, 0.16065537702849, 
0.140793921119133, 0.209374570313382, 0.242267651252089, 0.166007425457181, 
0.097901847328139, 0.1576758727309, 0.0933328706911822, 0.117171267472392, 
0.142493420404481, 0.134579056435712, 0.224260470053361, 0.286348018433904, 
0.235293639451664, 0.226414654168017, 0.281878711049881, 0.331605721496621, 
0.127999500033953, 0.219652745498534, 0.238805519270176, 0.160664359083895, 
0.173669012704313, 0.249157814056015, 0.23283533341158, 0.209401213055454, 
0.24226757058493, 0.246376340186787, 0.0824737655462082, 0.254544967934815, 
0.184970614321825, 0.318181323807012, 0.114942070024291, 0.0720715721161213, 
0.0266661774311981),