structure(list(trainfold = c(1, 2, 3, 4, 5, 6, 7, 8, 9, 10, 11, 
12, 13, 14, 15, 16, 17, 18, 19, 20, 21, 22, 23, 24, 25, 26, 27, 
28, 29, 30, 31, 32, 33, 34, 35, 36, 37, 38, 39, 40, 41, 42, 43, 
44, 45, 46, 47, 48, 49, 50, 51, 52, 53, 54, 55, 56, 57, 58, 59, 
60, 61, 62, 63, 64, 65, 66, 67, 68, 69, 70, 71, 72, 73, 74, 75, 
76, 77, 78, 79, 80, 81, 82, 83, 84, 85, 86, 87, 88, 89, 90, 91, 
92, 93, 94, 95, 96, 97, 98, 99, 100, 101, 102, 103, 104, 105, 
106, 107, 108, 109, 110, 111, 112, 113, 114, 115, 116, 117, 118, 
119, 120, 121, 122, 123, 124, 125, 126, 127, 128, 129, 130, 131, 
132, 133, 134, 135, 136, 137, 138, 139, 140, 141, 142, 143, 144, 
145, 146, 147, 148, 149, 150, 151, 152, 153, 154, 155, 156, 157, 
158, 159, 160, 161, 162), validfold = c(5, 6, 7, 8, 9, 10, 11, 
12, 13, 14, 15, 16, 17, 18, 19, 20, 21, 22, 23, 24, 25, 26, 27, 
28, 29, 30, 31, 32, 33, 34, 35, 36, 37, 38, 39, 40, 41, 42, 43, 
44, 45, 46, 47, 48, 49, 50, 51, 52, 53, 54, 55, 56, 57, 58, 59, 
60, 61, 62, 63, 64, 65, 66, 67, 68, 69, 70, 71, 72, 73, 74, 75, 
76, 77, 78, 79, 80, 81, 82, 83, 84, 85, 86, 87, 88, 89, 90, 91, 
92, 93, 94, 95, 96, 97, 98, 99, 100, 101, 102, 103, 104, 105, 
106, 107, 108, 109, 110, 111, 112, 113, 114, 115, 116, 117, 118, 
119, 120, 121, 122, 123, 124, 125, 126, 127, 128, 129, 130, 131, 
132, 133, 134, 135, 136, 137, 138, 139, 140, 141, 142, 143, 144, 
145, 146, 147, 148, 149, 150, 151, 152, 153, 154, 155, 156, 157, 
158, 159, 160, 161, 162, 163, 164, 165, 166), trainmonth = c("1996/07", 
"1996/08", "1996/09", "1996/10", "1996/11", "1996/12", "1997/01", 
"1997/02", "1997/03", "1997/04", "1997/05", "1997/06", "1997/07", 
"1997/08", "1997/09", "1997/10", "1997/11", "1997/12", "1998/01", 
"1998/02", "1998/03", "1998/04", "1998/05", "1998/06", "1998/07", 
"1998/08", "1998/09", "1998/10", "1998/11", "1998/12", "1999/01", 
"1999/02", "1999/03", "1999/04", "1999/05", "1999/06", "1999/07", 
"1999/08", "1999/09", "1999/10", "1999/11", "1999/12", "2000/01", 
"2000/02", "2000/03", "2000/04", "2000/05", "2000/06", "2000/07", 
"2000/08", "2000/09", "2000/10", "2000/11", "2000/12", "2001/01", 
"2001/02", "2001/03", "2001/04", "2001/05", "2001/06", "2001/07", 
"2001/08", "2001/09", "2001/10", "2001/11", "2001/12", "2002/01", 
"2002/02", "2002/03", "2002/04", "2002/05", "2002/06", "2002/07", 
"2002/08", "2002/09", "2002/10", "2002/11", "2002/12", "2003/01", 
"2003/02", "2003/03", "2003/04", "2003/05", "2003/06", "2003/07", 
"2003/08", "2003/09", "2003/10", "2003/11", "2003/12", "2004/01", 
"2004/02", "2004/03", "2004/04", "2004/05", "2004/06", "2004/07", 
"2004/08", "2004/09", "2004/10", "2004/11", "2004/12", "2005/01", 
"2005/02", "2005/03", "2005/04", "2005/05", "2005/06", "2005/07", 
"2005/08", "2005/09", "2005/10", "2005/11", "2005/12", "2006/01", 
"2006/02", "2006/03", "2006/04", "2006/05", "2006/06", "2006/07", 
"2006/08", "2006/09", "2006/10", "2006/11", "2006/12", "2007/01", 
"2007/02", "2007/03", "2007/04", "2007/05", "2007/06", "2007/07", 
"2007/08", "2007/09", "2007/10", "2007/11", "2007/12", "2008/01", 
"2008/02", "2008/03", "2008/04", "2008/05", "2008/06", "2008/07", 
"2008/08", "2008/09", "2008/10", "2008/11", "2008/12", "2009/01", 
"2009/02", "2009/03", "2009/04", "2009/05", "2009/06", "2009/07", 
"2009/08", "2009/09", "2009/10", "2009/11", "2009/12"), validmonth = c("1996/11", 
"1996/12", "1997/01", "1997/02", "1997/03", "1997/04", "1997/05", 
"1997/06", "1997/07", "1997/08", "1997/09", "1997/10", "1997/11", 
"1997/12", "1998/01", "1998/02", "1998/03", "1998/04", "1998/05", 
"1998/06", "1998/07", "1998/08", "1998/09", "1998/10", "1998/11", 
"1998/12", "1999/01", "1999/02", "1999/03", "1999/04", "1999/05", 
"1999/06", "1999/07", "1999/08", "1999/09", "1999/10", "1999/11", 
"1999/12", "2000/01", "2000/02", "2000/03", "2000/04", "2000/05", 
"2000/06", "2000/07", "2000/08", "2000/09", "2000/10", "2000/11", 
"2000/12", "2001/01", "2001/02", "2001/03", "2001/04", "2001/05", 
"2001/06", "2001/07", "2001/08", "2001/09", "2001/10", "2001/11", 
"2001/12", "2002/01", "2002/02", "2002/03", "2002/04", "2002/05", 
"2002/06", "2002/07", "2002/08", "2002/09", "2002/10", "2002/11", 
"2002/12", "2003/01", "2003/02", "2003/03", "2003/04", "2003/05", 
"2003/06", "2003/07", "2003/08", "2003/09", "2003/10", "2003/11", 
"2003/12", "2004/01", "2004/02", "2004/03", "2004/04", "2004/05", 
"2004/06", "2004/07", "2004/08", "2004/09", "2004/10", "2004/11", 
"2004/12", "2005/01", "2005/02", "2005/03", "2005/04", "2005/05", 
"2005/06", "2005/07", "2005/08", "2005/09", "2005/10", "2005/11", 
"2005/12", "2006/01", "2006/02", "2006/03", "2006/04", "2006/05", 
"2006/06", "2006/07", "2006/08", "2006/09", "2006/10", "2006/11", 
"2006/12", "2007/01", "2007/02", "2007/03", "2007/04", "2007/05", 
"2007/06", "2007/07", "2007/08", "2007/09", "2007/10", "2007/11", 
"2007/12", "2008/01", "2008/02", "2008/03", "2008/04", "2008/05", 
"2008/06", "2008/07", "2008/08", "2008/09", "2008/10", "2008/11", 
"2008/12", "2009/01", "2009/02", "2009/03", "2009/04", "2009/05", 
"2009/06", "2009/07", "2009/08", "2009/09", "2009/10", "2009/11", 
"2009/12", "2010/01", "2010/02", "2010/03", "2010/04"), EALR.ACC = c(0.218181818181818, 
0.333333333333333, 0.138888888888889, 0.488372093023256, 0.464285714285714, 
0.5, 0.24, 0.25, 0.434782608695652, 0.441860465116279, 0.953488372093023, 
0.4, 0.397260273972603, 0.411764705882353, 0.414893617021277, 
0.626865671641791, 0.365853658536585, 0.166666666666667, 0.0754716981132075, 
0.402985074626866, 0.269662921348315, 0.294117647058824, 0.210526315789474, 
0.217391304347826, 0.5, 0.392857142857143, 0.48780487804878, 
0.607142857142857, 0.177777777777778, 0.795918367346939, 0.0566037735849057, 
0.384615384615385, 0.34, 0.297872340425532, 0.454545454545455, 
0.46031746031746, 0.348484848484849, 0.423529411764706, 0.415841584158416, 
0.441176470588235, 0.846153846153846, 0.567567567567568, 0.4, 
0.35632183908046, 0.428571428571429, 0.45, 0.380952380952381, 
0.296296296296296, 0.32, 0.347826086956522, 0.540540540540541, 
0.333333333333333, 0.452380952380952, 0.4, 0.380434782608696, 
0.304878048780488, 0.4875, 0.440860215053763, 0.471910112359551, 
0.41304347826087, 0.0806451612903226, 0.1, 0.484848484848485, 
0.347222222222222, 0.375, 0.162162162162162, 0.661016949152542, 
0.483516483516484, 0.298013245033113, 0.534351145038168, 0.569620253164557, 
0.283783783783784, 0.231884057971014, 0.372881355932203, 0.392857142857143, 
0.419753086419753, 0.278481012658228, 0.246913580246914, 0.38, 
0.278350515463918, 0.102564102564103, 0.742857142857143, 0.405405405405405, 
0.0689655172413793, 0.239130434782609, 0.0625, 0.333333333333333, 
0.216666666666667, 0.0327868852459016, 0.0987654320987654, 0.356435643564356, 
0.311688311688312, 0.355263157894737, 0.7625, 0.246575342465753, 
0.230769230769231, 0.222222222222222, 0.371428571428571, 0.153846153846154, 
0.403508771929825, 0.385714285714286, 0.364864864864865, 0.358490566037736, 
0.333333333333333, 0.221052631578947, 0.236363636363636, 0.538461538461538, 
0.246753246753247, 0.134328358208955, 0.24, 0.142857142857143, 
0.271186440677966, 0.283018867924528, 0.271186440677966, 0.164179104477612, 
0.151898734177215, 0.414414414414414, 0.291666666666667, 0.604166666666667, 
0.515151515151515, 0.361111111111111, 0.123076923076923, 0.379746835443038, 
0.253521126760563, 0.565217391304348, 0.0185185185185185, 0.340909090909091, 
0.466666666666667, 0.375, 0.394736842105263, 0.476190476190476, 
0.48936170212766, 0.696969696969697, 0.545454545454545, 0.48, 
0.195652173913043, 0.245614035087719, 0.3, 0.272727272727273, 
0.333333333333333, 0.488372093023256, 0.239130434782609, 0.444444444444444, 
0.338983050847458, 0.358490566037736, 0.297872340425532, 0.2, 
0.4375, 0.363636363636364, 0.304347826086957, 0.826086956521739, 
0.037037037037037, 0.171428571428571, 0.212121212121212, 0.277777777777778, 
0.371428571428571, 0.193548387096774, 0.469387755102041, 0.519230769230769, 
0.296296296296296, 0.272727272727273, 0.25),