structure(list(trainfold = c(1, 2, 3, 4, 5, 6, 7, 8, 9, 10, 11, 
12, 13, 14, 15, 16, 17, 18, 19, 20, 21, 22, 23, 24, 25, 26, 27, 
28, 29, 30, 31, 32, 33, 34, 35, 36, 37, 38, 39, 40, 41, 42, 43, 
44, 45, 46, 47, 48, 49, 50, 51, 52, 53, 54, 55, 56, 57, 58, 59, 
60, 61, 62, 63, 64, 65, 66, 67, 68, 69, 70, 71, 72, 73, 74, 75, 
76, 77, 78, 79, 80, 81, 82, 83, 84, 85, 86, 87, 88, 89, 90, 91, 
92, 93, 94, 95, 96, 97, 98, 99, 100, 101, 102, 103, 104, 105, 
106, 107, 108, 109, 110, 111, 112, 113, 114, 115, 116, 117, 118, 
119, 120, 121, 122, 123, 124, 125, 126, 127, 128, 129, 130, 131, 
132, 133, 134, 135, 136, 137, 138, 139, 140, 141, 142, 143, 144, 
145, 146, 147, 148, 149, 150, 151, 152, 153, 154, 155, 156, 157, 
158, 159, 160, 161, 162), validfold = c(5, 6, 7, 8, 9, 10, 11, 
12, 13, 14, 15, 16, 17, 18, 19, 20, 21, 22, 23, 24, 25, 26, 27, 
28, 29, 30, 31, 32, 33, 34, 35, 36, 37, 38, 39, 40, 41, 42, 43, 
44, 45, 46, 47, 48, 49, 50, 51, 52, 53, 54, 55, 56, 57, 58, 59, 
60, 61, 62, 63, 64, 65, 66, 67, 68, 69, 70, 71, 72, 73, 74, 75, 
76, 77, 78, 79, 80, 81, 82, 83, 84, 85, 86, 87, 88, 89, 90, 91, 
92, 93, 94, 95, 96, 97, 98, 99, 100, 101, 102, 103, 104, 105, 
106, 107, 108, 109, 110, 111, 112, 113, 114, 115, 116, 117, 118, 
119, 120, 121, 122, 123, 124, 125, 126, 127, 128, 129, 130, 131, 
132, 133, 134, 135, 136, 137, 138, 139, 140, 141, 142, 143, 144, 
145, 146, 147, 148, 149, 150, 151, 152, 153, 154, 155, 156, 157, 
158, 159, 160, 161, 162, 163, 164, 165, 166), trainmonth = c("1996/07", 
"1996/08", "1996/09", "1996/10", "1996/11", "1996/12", "1997/01", 
"1997/02", "1997/03", "1997/04", "1997/05", "1997/06", "1997/07", 
"1997/08", "1997/09", "1997/10", "1997/11", "1997/12", "1998/01", 
"1998/02", "1998/03", "1998/04", "1998/05", "1998/06", "1998/07", 
"1998/08", "1998/09", "1998/10", "1998/11", "1998/12", "1999/01", 
"1999/02", "1999/03", "1999/04", "1999/05", "1999/06", "1999/07", 
"1999/08", "1999/09", "1999/10", "1999/11", "1999/12", "2000/01", 
"2000/02", "2000/03", "2000/04", "2000/05", "2000/06", "2000/07", 
"2000/08", "2000/09", "2000/10", "2000/11", "2000/12", "2001/01", 
"2001/02", "2001/03", "2001/04", "2001/05", "2001/06", "2001/07", 
"2001/08", "2001/09", "2001/10", "2001/11", "2001/12", "2002/01", 
"2002/02", "2002/03", "2002/04", "2002/05", "2002/06", "2002/07", 
"2002/08", "2002/09", "2002/10", "2002/11", "2002/12", "2003/01", 
"2003/02", "2003/03", "2003/04", "2003/05", "2003/06", "2003/07", 
"2003/08", "2003/09", "2003/10", "2003/11", "2003/12", "2004/01", 
"2004/02", "2004/03", "2004/04", "2004/05", "2004/06", "2004/07", 
"2004/08", "2004/09", "2004/10", "2004/11", "2004/12", "2005/01", 
"2005/02", "2005/03", "2005/04", "2005/05", "2005/06", "2005/07", 
"2005/08", "2005/09", "2005/10", "2005/11", "2005/12", "2006/01", 
"2006/02", "2006/03", "2006/04", "2006/05", "2006/06", "2006/07", 
"2006/08", "2006/09", "2006/10", "2006/11", "2006/12", "2007/01", 
"2007/02", "2007/03", "2007/04", "2007/05", "2007/06", "2007/07", 
"2007/08", "2007/09", "2007/10", "2007/11", "2007/12", "2008/01", 
"2008/02", "2008/03", "2008/04", "2008/05", "2008/06", "2008/07", 
"2008/08", "2008/09", "2008/10", "2008/11", "2008/12", "2009/01", 
"2009/02", "2009/03", "2009/04", "2009/05", "2009/06", "2009/07", 
"2009/08", "2009/09", "2009/10", "2009/11", "2009/12"), validmonth = c("1996/11", 
"1996/12", "1997/01", "1997/02", "1997/03", "1997/04", "1997/05", 
"1997/06", "1997/07", "1997/08", "1997/09", "1997/10", "1997/11", 
"1997/12", "1998/01", "1998/02", "1998/03", "1998/04", "1998/05", 
"1998/06", "1998/07", "1998/08", "1998/09", "1998/10", "1998/11", 
"1998/12", "1999/01", "1999/02", "1999/03", "1999/04", "1999/05", 
"1999/06", "1999/07", "1999/08", "1999/09", "1999/10", "1999/11", 
"1999/12", "2000/01", "2000/02", "2000/03", "2000/04", "2000/05", 
"2000/06", "2000/07", "2000/08", "2000/09", "2000/10", "2000/11", 
"2000/12", "2001/01", "2001/02", "2001/03", "2001/04", "2001/05", 
"2001/06", "2001/07", "2001/08", "2001/09", "2001/10", "2001/11", 
"2001/12", "2002/01", "2002/02", "2002/03", "2002/04", "2002/05", 
"2002/06", "2002/07", "2002/08", "2002/09", "2002/10", "2002/11", 
"2002/12", "2003/01", "2003/02", "2003/03", "2003/04", "2003/05", 
"2003/06", "2003/07", "2003/08", "2003/09", "2003/10", "2003/11", 
"2003/12", "2004/01", "2004/02", "2004/03", "2004/04", "2004/05", 
"2004/06", "2004/07", "2004/08", "2004/09", "2004/10", "2004/11", 
"2004/12", "2005/01", "2005/02", "2005/03", "2005/04", "2005/05", 
"2005/06", "2005/07", "2005/08", "2005/09", "2005/10", "2005/11", 
"2005/12", "2006/01", "2006/02", "2006/03", "2006/04", "2006/05", 
"2006/06", "2006/07", "2006/08", "2006/09", "2006/10", "2006/11", 
"2006/12", "2007/01", "2007/02", "2007/03", "2007/04", "2007/05", 
"2007/06", "2007/07", "2007/08", "2007/09", "2007/10", "2007/11", 
"2007/12", "2008/01", "2008/02", "2008/03", "2008/04", "2008/05", 
"2008/06", "2008/07", "2008/08", "2008/09", "2008/10", "2008/11", 
"2008/12", "2009/01", "2009/02", "2009/03", "2009/04", "2009/05", 
"2009/06", "2009/07", "2009/08", "2009/09", "2009/10", "2009/11", 
"2009/12", "2010/01", "2010/02", "2010/03", "2010/04"),