structure(list(trainfold = c(1, 2, 3, 4, 5, 6, 7, 8, 9, 10, 11, 
12, 13, 14, 15, 16, 17, 18, 19, 20, 21, 22, 23, 24, 25, 26, 27, 
28, 29, 30, 31, 32, 33, 34, 35, 36, 37, 38, 39, 40, 41, 42, 43, 
44, 45, 46, 47, 48, 49, 50, 51, 52, 53, 54, 55, 56, 57, 58, 59, 
60, 61, 62, 63, 64, 65, 66, 67, 68, 69, 70, 71, 72, 73, 74, 75
), validfold = c(5, 6, 7, 8, 9, 10, 11, 12, 13, 14, 15, 16, 17, 
18, 19, 20, 21, 22, 23, 24, 25, 26, 27, 28, 29, 30, 31, 32, 33, 
34, 35, 36, 37, 38, 39, 40, 41, 42, 43, 44, 45, 46, 47, 48, 49, 
50, 51, 52, 53, 54, 55, 56, 57, 58, 59, 60, 61, 62, 63, 64, 65, 
66, 67, 68, 69, 70, 71, 72, 73, 74, 75, 76, 77, 78, 79), trainmonth = c("2001/05", 
"2001/06", "2001/07", "2001/08", "2001/09", "2001/10", "2001/11", 
"2001/12", "2002/01", "2002/02", "2002/03", "2002/04", "2002/05", 
"2002/06", "2002/07", "2002/08", "2002/09", "2002/10", "2002/11", 
"2002/12", "2003/01", "2003/02", "2003/03", "2003/04", "2003/05", 
"2003/06", "2003/07", "2003/08", "2003/09", "2003/10", "2003/11", 
"2003/12", "2004/01", "2004/02", "2004/03", "2004/04", "2004/05", 
"2004/06", "2004/07", "2004/08", "2004/09", "2004/10", "2004/11", 
"2004/12", "2005/01", "2005/02", "2005/03", "2005/04", "2005/05", 
"2005/06", "2005/07", "2005/08", "2005/09", "2005/10", "2005/11", 
"2005/12", "2006/01", "2006/02", "2006/03", "2006/04", "2006/05", 
"2006/06", "2006/07", "2006/08", "2006/09", "2006/10", "2006/11", 
"2006/12", "2007/01", "2007/02", "2007/03", "2007/04", "2007/05", 
"2007/06", "2007/07"), validmonth = c("2001/09", "2001/10", "2001/11", 
"2001/12", "2002/01", "2002/02", "2002/03", "2002/04", "2002/05", 
"2002/06", "2002/07", "2002/08", "2002/09", "2002/10", "2002/11", 
"2002/12", "2003/01", "2003/02", "2003/03", "2003/04", "2003/05", 
"2003/06", "2003/07", "2003/08", "2003/09", "2003/10", "2003/11", 
"2003/12", "2004/01", "2004/02", "2004/03", "2004/04", "2004/05", 
"2004/06", "2004/07", "2004/08", "2004/09", "2004/10", "2004/11", 
"2004/12", "2005/01", "2005/02", "2005/03", "2005/04", "2005/05", 
"2005/06", "2005/07", "2005/08", "2005/09", "2005/10", "2005/11", 
"2005/12", "2006/01", "2006/02", "2006/03", "2006/04", "2006/05", 
"2006/06", "2006/07", "2006/08", "2006/09", "2006/10", "2006/11", 
"2006/12", "2007/01", "2007/02", "2007/03", "2007/04", "2007/05", 
"2007/06", "2007/07", "2007/08", "2007/09", "2007/10", "2007/11"
), EALR.Popt = c(0.651429594843203, 0.734248744293823, 0.499883671368488, 
0.702431330823144, 0.601318342374357, 0.554275750707347, 0.562110916741219, 
0.580686189853641, 0.589804531051451, 0.55458471370435, 0.449925013877783, 
0.482928253183705, 0.541965918644511, 0.539613364334335, 0.648075111696798, 
0.704623818947348, 0.651692718262102, 0.60118325124644, 0.427265806836302, 
0.582040531632365, 0.460300336979409, 0.567493810663044, 0.539659746236608, 
0.517779500469913, 0.540582728131446, 0.551098878188349, 0.516252522491639, 
0.716192066948124, 0.857734067316969, 0.618147192855183, 0.651303240282181, 
0.650843991457793, 0.544379355889906, 0.34008774686647, 0.426833439077065, 
0.592869513477041, 0.640558410261816, 0.666714048471103, 0.669604607059636, 
0.679752068361474, 0.629811982349087, 0.418388481446822, 0.39228057022298, 
0.534244157792321, 0.698570899219975, 0.771710796581313, 0.743207480378479, 
0.622962822289706, 0.525295834452904, 0.725250850205599, 0.795959554812754, 
0.691462633471338, 0.590330873623223, 0.610354444478074, 0.647415651531182, 
0.649110607573612, 0.638911153272938, 0.501700079107085, 0.556292105440471, 
0.631527125569157, 0.55945596961384, 0.629633808276924, 0.587905223025259, 
0.56749851588149, 0.701550058560241, 0.60705314809181, 0.578486376491123, 
0.585078988371533, 0.734661151791659, 0.560196635370678, 0.71070126284322, 
0.798655501622896, 0.743933749807804, 0.658285402213844, 0.214545579595689
), RandomForest.Popt = c(0.502556340121479, 0.598021050978027, 
0.345349466119729, 0.355677377610484, 0.545898218285618, 0.549792709771481, 
0.491190943386506, 0.478284454221732, 0.564489325343829, 0.154781949612085, 
0.178517982979016, 0.361148269855725, 0.448043207717141, 0.446824424736827, 
0.358241392426848, 0.397791738028665, 0.410953685085294, 0.345769108888964, 
0.288959310287905, 0.476430051000486, 0.42812897678855, 0.421353475026511, 
0.429559369980074, 0.402958735109365, 0.341771865455348, 0.356455146359847, 
0.350946169890409, 0.267239655869357, 0.22474218769902, 0.435612445828028, 
0.290925391153983, 0.336736941336794, 0.552719717426351, 0.247621327478631, 
0.638308798162843, 0.414118179256109, 0.412353855047458, 0.384736871636033, 
0.469362702355729, 0.492630220607844, 0.402175768894892, 0.482966538104209, 
0.36719456064331, 0.303835980447468, 0.34320356197782, 0.216041499795085, 
0.317404931701214, 0.388243032785084, 0.523292304529204, 0.538093998383108, 
0.437989818187745, 0.44153702845579, 0.387488172859472, 0.4359641513597, 
0.43013758220528, 0.40890480272133, 0.444452860754239, 0.432680167835546, 
0.460021927929068, 0.634687814876434, 0.441914889751188, 0.464868602987905, 
0.577958850236981, 0.588727971891913, 0.534030556849718, 0.572406202722092, 
0.528602839118062, 0.48376250964561, 0.465896136515486, 0.520060791577011, 
0.481137709285985, 0.307618141736902, 0.407262027206177, 0.410056134473373, 
0.201358462989521), J48.Popt = c(0.406057010574188, 0.373310392042078, 
0.276776443512125, 0.332194795038843, 0.463436049553766, 0.459386893972796, 
0.468361834123208, 0.378392706873656, 0.574915395189146, 0.770838205978767, 
0.530339889520711, 0.260090287360459, 0.495692193308444, 0.428338502364022, 
0.438461574453488, 0.437349870298284, 0.45690059688654, 0.326463451030666, 
0.41560673083903, 0.480913582920252, 0.408220641484955, 0.414890338450901, 
0.393006630752278, 0.507898347120462, 0.398348240467331, 0.461409391195859, 
0.327233253949346, 0.297613360954063, 0.323300628350915, 0.369780417063245, 
0.412205766173011, 0.376789853439412, 0.520752991042798, 0.293225204397882, 
0.732126201274427, 0.421177941225313, 0.549927073551882, 0.546747480859763, 
0.474973933311978, 0.551214023488693, 0.399213362127733, 0.457367475294331, 
0.387464160550191, 0.358615528653441, 0.371723343215984, 0.209101454841242, 
0.463331657822606, 0.472367100180699, 0.573007973371379, 0.35949677569595, 
0.318956138730076, 0.502263780773641, 0.448281269428953, 0.562061593872549, 
0.396842637079668, 0.391685241461048, 0.471044057163444, 0.564330198816699, 
0.556929119117451, 0.592054318380792, 0.511850988303128, 0.577925787231998, 
0.61504632915101, 0.608731488132271, 0.528495210518843, 0.490223457948806, 
0.487912762533165, 0.432948666307337, 0.430696373150106, 0.509332637462876, 
0.438254350363101, 0.35067702556037, 0.553114674385532, 0.710848101563313, 
0.18887995910246),