structure(list(trainfold = c(1, 2, 3, 4, 5, 6, 7, 8, 9, 10, 11, 
12, 13, 14, 15, 16, 17, 18, 19, 20, 21, 22, 23, 24, 25, 26, 27, 
28, 29, 30, 31, 32, 33, 34, 35, 36, 37, 38, 39, 40, 41, 42, 43, 
44, 45, 46, 47, 48, 49, 50, 51, 52, 53, 54, 55, 56, 57, 58, 59, 
60, 61, 62, 63, 64, 65, 66, 67, 68, 69, 70, 71, 72, 73, 74, 75, 
76, 77, 78, 79), validfold = c(5, 6, 7, 8, 9, 10, 11, 12, 13, 
14, 15, 16, 17, 18, 19, 20, 21, 22, 23, 24, 25, 26, 27, 28, 29, 
30, 31, 32, 33, 34, 35, 36, 37, 38, 39, 40, 41, 42, 43, 44, 45, 
46, 47, 48, 49, 50, 51, 52, 53, 54, 55, 56, 57, 58, 59, 60, 61, 
62, 63, 64, 65, 66, 67, 68, 69, 70, 71, 72, 73, 74, 75, 76, 77, 
78, 79, 80, 81, 82, 83), trainmonth = c("2000/01", "2000/02", 
"2000/03", "2000/04", "2000/05", "2000/06", "2000/07", "2000/08", 
"2000/09", "2000/10", "2000/11", "2000/12", "2001/01", "2001/02", 
"2001/03", "2001/04", "2001/05", "2001/06", "2001/07", "2001/08", 
"2001/09", "2001/10", "2001/11", "2001/12", "2002/01", "2002/02", 
"2002/03", "2002/04", "2002/05", "2002/06", "2002/07", "2002/08", 
"2002/09", "2002/10", "2002/11", "2002/12", "2003/01", "2003/02", 
"2003/03", "2003/04", "2003/05", "2003/06", "2003/07", "2003/08", 
"2003/09", "2003/10", "2003/11", "2003/12", "2004/01", "2004/02", 
"2004/03", "2004/04", "2004/05", "2004/06", "2004/07", "2004/08", 
"2004/09", "2004/10", "2004/11", "2004/12", "2005/01", "2005/02", 
"2005/03", "2005/04", "2005/05", "2005/06", "2005/07", "2005/08", 
"2005/09", "2005/10", "2005/11", "2005/12", "2006/01", "2006/02", 
"2006/03", "2006/04", "2006/05", "2006/06", "2006/07"), validmonth = c("2000/05", 
"2000/06", "2000/07", "2000/08", "2000/09", "2000/10", "2000/11", 
"2000/12", "2001/01", "2001/02", "2001/03", "2001/04", "2001/05", 
"2001/06", "2001/07", "2001/08", "2001/09", "2001/10", "2001/11", 
"2001/12", "2002/01", "2002/02", "2002/03", "2002/04", "2002/05", 
"2002/06", "2002/07", "2002/08", "2002/09", "2002/10", "2002/11", 
"2002/12", "2003/01", "2003/02", "2003/03", "2003/04", "2003/05", 
"2003/06", "2003/07", "2003/08", "2003/09", "2003/10", "2003/11", 
"2003/12", "2004/01", "2004/02", "2004/03", "2004/04", "2004/05", 
"2004/06", "2004/07", "2004/08", "2004/09", "2004/10", "2004/11", 
"2004/12", "2005/01", "2005/02", "2005/03", "2005/04", "2005/05", 
"2005/06", "2005/07", "2005/08", "2005/09", "2005/10", "2005/11", 
"2005/12", "2006/01", "2006/02", "2006/03", "2006/04", "2006/05", 
"2006/06", "2006/07", "2006/08", "2006/09", "2006/10", "2006/11"
), EALR.ACC = c(0.242937853107345, 0.12280701754386, 0.0560747663551402, 
0.16260162601626, 0.230769230769231, 0.0441176470588235, 0.242424242424242, 
0.327102803738318, 0.319727891156463, 0.302197802197802, 0.369369369369369, 
0.292237442922374, 0.28804347826087, 0.183206106870229, 0.0921985815602837, 
0.0983606557377049, 0.125628140703518, 0.220657276995305, 0.231578947368421, 
0.160804020100503, 0.182203389830508, 0.171171171171171, 0.0666666666666667, 
0.160839160839161, 0.27007299270073, 0.242424242424242, 0.184931506849315, 
0.146464646464646, 0.152439024390244, 0.121739130434783, 0.130081300813008, 
0.172661870503597, 0.125, 0.0408163265306122, 0.180487804878049, 
0.194805194805195, 0.25, 0.388888888888889, 0.209302325581395, 
0.161290322580645, 0.21, 0.242424242424242, 0.206349206349206, 
0.36231884057971, 0.177570093457944, 0.177083333333333, 0.606382978723404, 
0.752688172043011, 0.3, 0.378048780487805, 0.10958904109589, 
0.256410256410256, 0.245098039215686, 0.330188679245283, 0.173913043478261, 
0.264705882352941, 0.0645161290322581, 0.133333333333333, 0.09, 
0.0526315789473684, 0, 0, 0.0571428571428571, 0.0737704918032787, 
0.581395348837209, 0.268518518518519, 0.0833333333333333, 0.072289156626506, 
0.281818181818182, 0.155339805825243, 0.136363636363636, 0.247706422018349, 
0.214953271028037, 0.108695652173913, 0.243243243243243, 0.131578947368421, 
0.05, 0.0714285714285714, 0.5), RandomForest.ACC = c(0.163841807909605, 
0.289473684210526, 0.0654205607476635, 0.16260162601626, 0.10989010989011, 
0.279411764705882, 0.121212121212121, 0.11214953271028, 0.19047619047619, 
0.126373626373626, 0.0765765765765766, 0.0776255707762557, 0.201086956521739, 
0.145038167938931, 0.177304964539007, 0.284153005464481, 0.0301507537688442, 
0.178403755868545, 0.121052631578947, 0.0904522613065327, 0.127118644067797, 
0.153153153153153, 0.0666666666666667, 0.111888111888112, 0.131386861313869, 
0.310606060606061, 0.287671232876712, 0.237373737373737, 0.23780487804878, 
0.234782608695652, 0.211382113821138, 0.287769784172662, 0.1640625, 
0.244897959183673, 0.204878048780488, 0.253246753246753, 0.0673076923076923, 
0.111111111111111, 0.209302325581395, 0.225806451612903, 0.18, 
0.232323232323232, 0.206349206349206, 0.246376811594203, 0.130841121495327, 
0.0520833333333333, 0.585106382978723, 0.161290322580645, 0.125, 
0.170731707317073, 0.164383561643836, 0.256410256410256, 0.245098039215686, 
0.283018867924528, 0.25, 0.509803921568627, 0.258064516129032, 
0.257142857142857, 0.02, 0.184210526315789, 0.337209302325581, 
0.254716981132075, 0.161904761904762, 0.418032786885246, 0.197674418604651, 
0.157407407407407, 0.25, 0.240963855421687, 0.363636363636364, 
0.300970873786408, 0.227272727272727, 0.18348623853211, 0.158878504672897, 
0.195652173913043, 0.175675675675676, 0.368421052631579, 0.4, 
0.142857142857143, 0.2), J48.ACC = c(0.242937853107345, 0.166666666666667, 
0.130841121495327, 0.154471544715447, 0.043956043956044, 0.102941176470588, 
0.242424242424242, 0.0654205607476635, 0.292517006802721, 0.120879120879121, 
0.220720720720721, 0.319634703196347, 0.114130434782609, 0.16793893129771, 
0.120567375886525, 0.284153005464481, 0.085427135678392, 0.15962441314554, 
0.136842105263158, 0.110552763819095, 0.186440677966102, 0.27027027027027, 
0.0944444444444444, 0.132867132867133, 0.204379562043796, 0.166666666666667, 
0.184931506849315, 0.212121212121212, 0.268292682926829, 0.243478260869565, 
0.154471544715447, 0.0863309352517986, 0.2109375, 0.170068027210884, 
0.0634146341463415, 0.175324675324675, 0.125, 0.119047619047619, 
0.22093023255814, 0.17741935483871, 0.21, 0.202020202020202, 
0.142857142857143, 0.130434782608696, 0.102803738317757, 0.0208333333333333, 
0.446808510638298, 0.118279569892473, 0.2, 0.24390243902439, 
0.150684931506849, 0.205128205128205, 0.294117647058824, 0.283018867924528, 
0.0978260869565217, 0.382352941176471, 0.193548387096774, 0.285714285714286, 
0.03, 0.25, 0.383720930232558, 0.245283018867925, 0.00952380952380952, 
0.319672131147541, 0.13953488372093, 0.222222222222222, 0.212962962962963, 
0.192771084337349, 0.463636363636364, 0.058252427184466, 0.238636363636364, 
0.256880733944954, 0.14018691588785, 0.108695652173913, 0.135135135135135, 
0.0263157894736842, 0.25, 0.357142857142857, 0.5),