list(Popt = structure(list(trainfold = c(1, 2, 3, 4, 5, 6, 7, 
8, 9, 10, 11, 12, 13, 14, 15, 16, 17, 18, 19, 20, 21, 22, 23, 
24, 25, 26, 27, 28, 29, 30, 31, 32, 33, 34, 35, 36, 37, 38, 39
), validfold = c(5, 6, 7, 8, 9, 10, 11, 12, 13, 14, 15, 16, 17, 
18, 19, 20, 21, 22, 23, 24, 25, 26, 27, 28, 29, 30, 31, 32, 33, 
34, 35, 36, 37, 38, 39, 40, 41, 42, 43), trainmonth = c("2002/11", 
"2002/12", "2003/01", "2003/02", "2003/03", "2003/04", "2003/05", 
"2003/06", "2003/07", "2003/08", "2003/09", "2003/10", "2003/11", 
"2003/12", "2004/01", "2004/02", "2004/03", "2004/04", "2004/05", 
"2004/06", "2004/07", "2004/08", "2004/09", "2004/10", "2004/11", 
"2004/12", "2005/01", "2005/02", "2005/04", "2005/05", "2005/06", 
"2005/07", "2005/08", "2005/09", "2005/10", "2005/11", "2005/12", 
"2006/01", "2006/02"), validmonth = c("2003/03", "2003/04", "2003/05", 
"2003/06", "2003/07", "2003/08", "2003/09", "2003/10", "2003/11", 
"2003/12", "2004/01", "2004/02", "2004/03", "2004/04", "2004/05", 
"2004/06", "2004/07", "2004/08", "2004/09", "2004/10", "2004/11", 
"2004/12", "2005/01", "2005/02", "2005/04", "2005/05", "2005/06", 
"2005/07", "2005/08", "2005/09", "2005/10", "2005/11", "2005/12", 
"2006/01", "2006/02", "2006/03", "2006/04", "2006/05", "2006/06"
), EALR.Popt = c(0.654178313634431, 0.528568380075237, 0.586776110697636, 
0.643131826896005, 0.725186718742021, 0.762868037308829, 0.550349734279069, 
0.551606008911588, 0.312364537716392, 0.57917032205138, 0.727635952902224, 
0.650208719076893, 0.620892701505541, 0.597817637021943, 0.734855320042499, 
0.66687070854492, 0.756581115660155, 0.789227098763043, 0.744301750466487, 
0.631196697755094, 0.646986107201793, 0.750654675762669, 0.618279746449907, 
0.349130552177341, 0.560633580357843, 0.457838445668109, 0.503247120637441, 
0.794187995620781, 0.511232027822919, 0.560277504194772, 0.62580645143611, 
0.700000001771602, 0.82954570888244, 0.846696766621467, 0.351506618185778, 
0.288046858820817, 0.547192344813989, 0.746031984636438, 0.82819882821204
), RandomForest.Popt = c(0.502230703873546, 0.493234985427907, 
0.540694077657111, 0.530174032880013, 0.356182225294412, 0.417202339908884, 
0.362907213821725, 0.273024791225381, 0.136714126897689, 0.239677642295534, 
0.161770852734152, 0.414520779776561, 0.55987279770329, 0.336357328232361, 
0.235783870676607, 0.366655486415, 0.233706024021603, 0.379616663046768, 
0.41483391626522, 0.391285110624207, 0.310337323321025, 0.36014575228563, 
0.252138822293615, 0.108117848283314, 0.276029626855197, 0.363916911725746, 
0.525462009717111, 0.36782991689111, 0.238508755674019, 0.492763461047408, 
0.589768654480258, 0.20222222205793, 0.277797660008678, 0.62824538732349, 
0.289274823537481, 0.138774983583305, 0.536075892605101, 0.404162942358803, 
0.470383670284124), J48.Popt = c(0.512621813784604, 0.462273175979618, 
0.514428487301095, 0.500435653967205, 0.488062334342036, 0.393662438750774, 
0.407740383933919, 0.240476747097717, 0.223723976676699, 0.350559739520128, 
0.284692543181003, 0.616487802967056, 0.368490728395968, 0.398175909654664, 
0.332559069168034, 0.449169683902886, 0.304058476518346, 0.346529732073632, 
0.477687849488426, 0.422343090916389, 0.386566541065594, 0.379080210156779, 
0.254770271597496, 0.516923446550944, 0.574220408553222, 0.423459802232282, 
0.566184868558932, 0.351618317117075, 0.688051660156067, 0.573772840106084, 
0.243206256386641, 0.219506172240356, 0.267821593719649, 0.608100697133707, 
0.78234287086288, 0.294384130150115, 0.588728818551186, 0.462513239486581, 
0.746305046253459), IBk.Popt = c(0.595106941377855, 0.440727461999434, 
0.43921849334547, 0.436135245416598, 0.392867921668985, 0.380487661344839, 
0.341516096218722, 0.178587426221181, 0.0705888111291185, 0.251659019260714, 
0.222805965476904, 0.492047460578303, 0.446392122984609, 0.375378619207175, 
0.372554311090626, 0.38206696927958, 0.417968625394507, 0.475200402850442, 
0.558293120984439, 0.290585344392766, 0.301247564514799, 0.375525690273533, 
0.312257791706405, 0.166831846599721, 0.491024673176427, 0.383753044023109, 
0.516010221196864, 0.617213498058679, 0.480855993972786, 0.56438775868118, 
0.656109482041948, 0.683209875821459, 0.23907889118057, 0.695515806218321, 
0.668727453895565, 0.259752696558678, 0.443197182095967, 0.48532979821687, 
0.390219240152645), ns.UP.Popt = c(0.0133066141663349, 0.00476867148661797, 
0, 0, 0.0375639221346145, 0.127603896976648, 0.0826619938413795, 
0.831367879592606, 0.821815366552856, 0.290918218548312, 0.0523803755301407, 
0.0146428058999907, 0.0755441501148167, 0.0540763227257925, 0, 
0, 0, 0.000272309640060753, 0.000556591000069773, 0.000701559975165078, 
0.0370916314692232, 0.0310311271914052, 0, 0, 0.023116478749441, 
0.0342176731433734, 0.0260131025713582, 0.0387457532661051, 0.0410533000417094, 
0.0869318817674611, 0.157706093063283, 0, 0.0893148724659533, 
0.0410669211461375, 0.565905930504895, 0.48727243714689, 0.121075441427737, 
0.149500101269974, 0.385068985048641), nm.UP.Popt = c(0.575021409762196, 
0.406264625300294, 0.472687975729997, 0.530105396029344, 0.540477030735024, 
0.587778368725427, 0.572146678358698, 0.932987283978886, 0.93496481574181, 
0.720095768686908, 0.911160169471697, 0.888035813681468, 0.751389335781705, 
0.702250312841705, 0.693733274921875, 0.63591093533112, 0.689129497226284, 
0.725215131099772, 0.603407630287028, 0.69696794512518, 0.633608320211036, 
0.593393453073404, 0.608991674653882, 0.859867255345166, 0.784875218192162, 
0.616660879434807, 0.664482899948338, 0.821685500326257, 0.818483853704403, 
0.62439124663522, 0.491365265457245, 0.707654322838994, 0.623090344111513, 
0.412727627784464, 0.791194666880021, 0.845244641516407, 0.527329196926611, 
0.381695673798231, 0.285824985835178), nf.UP.Popt = c(0.621816620653237, 
0.525497175979005, 0.564049331799877, 0.591828106642907, 0.567820206178865, 
0.648202215453751, 0.651143102693782, 0.946036896167835, 0.944422383214032, 
0.736136420845283, 0.91943727073012, 0.916967131246361, 0.860705195077771, 
0.747467714162739, 0.716496722319866, 0.676756599794068, 0.723945984850708, 
0.720777443970755, 0.586958408563171, 0.755659814816498, 0.713499253193807, 
0.620723132796198, 0.646815166403239, 0.865963900710441, 0.787953483940772, 
0.690647399275454, 0.703258152018884, 0.849818400913706, 0.85306484057892, 
0.656986810100021, 0.598305636954193, 0.625185186857537, 0.762453307283577, 
0.688431546248862, 0.859426446249527, 0.853217337772892, 0.545344609715661, 
0.382352940995714, 0.285843885841636), entropy.UP.Popt = c(0.629294469526154, 
0.484326917640595, 0.570798573488212, 0.653865403146974, 0.574008595416674, 
0.538289903884501, 0.553675875909104, 0.786897839206171, 0.831683551627345, 
0.624316440531964, 0.855706220038063, 0.85415790393306, 0.732634170996735, 
0.707465084461117, 0.700522415865654, 0.619268320178848, 0.613999689003816, 
0.653814146007963, 0.566752623014326, 0.632593838244791, 0.648054001921975, 
0.537415135038736, 0.487797218326762, 0.704507913612461, 0.727567580371115, 
0.655698461376399, 0.656714345580941, 0.803826544793351, 0.859842951434336, 
0.719020514055556, 0.704855001547205, 0.69209876577036, 0.712986780597702, 
0.747952851669517, 0.728328895159815, 0.740482341051013, 0.671854344171484, 
0.712334838012834, 0.708098658154584),