structure(list(trainfold = c(1, 2, 3, 4, 5, 6, 7, 8, 9, 10, 11, 
12, 13, 14, 15, 16, 17, 18, 19, 20, 21, 22, 23, 24, 25, 26, 27, 
28, 29, 30, 31, 32, 33, 34, 35, 36, 37, 38, 39, 40, 41, 42, 43, 
44, 45, 46, 47, 48, 49, 50, 51, 52, 53, 54, 55, 56, 57, 58, 59, 
60, 61, 62, 63, 64, 65, 66, 67, 68, 69, 70, 71, 72, 73, 74, 75, 
76, 77, 78, 79), validfold = c(5, 6, 7, 8, 9, 10, 11, 12, 13, 
14, 15, 16, 17, 18, 19, 20, 21, 22, 23, 24, 25, 26, 27, 28, 29, 
30, 31, 32, 33, 34, 35, 36, 37, 38, 39, 40, 41, 42, 43, 44, 45, 
46, 47, 48, 49, 50, 51, 52, 53, 54, 55, 56, 57, 58, 59, 60, 61, 
62, 63, 64, 65, 66, 67, 68, 69, 70, 71, 72, 73, 74, 75, 76, 77, 
78, 79, 80, 81, 82, 83), trainmonth = c("2000/01", "2000/02", 
"2000/03", "2000/04", "2000/05", "2000/06", "2000/07", "2000/08", 
"2000/09", "2000/10", "2000/11", "2000/12", "2001/01", "2001/02", 
"2001/03", "2001/04", "2001/05", "2001/06", "2001/07", "2001/08", 
"2001/09", "2001/10", "2001/11", "2001/12", "2002/01", "2002/02", 
"2002/03", "2002/04", "2002/05", "2002/06", "2002/07", "2002/08", 
"2002/09", "2002/10", "2002/11", "2002/12", "2003/01", "2003/02", 
"2003/03", "2003/04", "2003/05", "2003/06", "2003/07", "2003/08", 
"2003/09", "2003/10", "2003/11", "2003/12", "2004/01", "2004/02", 
"2004/03", "2004/04", "2004/05", "2004/06", "2004/07", "2004/08", 
"2004/09", "2004/10", "2004/11", "2004/12", "2005/01", "2005/02", 
"2005/03", "2005/04", "2005/05", "2005/06", "2005/07", "2005/08", 
"2005/09", "2005/10", "2005/11", "2005/12", "2006/01", "2006/02", 
"2006/03", "2006/04", "2006/05", "2006/06", "2006/07"), validmonth = c("2000/05", 
"2000/06", "2000/07", "2000/08", "2000/09", "2000/10", "2000/11", 
"2000/12", "2001/01", "2001/02", "2001/03", "2001/04", "2001/05", 
"2001/06", "2001/07", "2001/08", "2001/09", "2001/10", "2001/11", 
"2001/12", "2002/01", "2002/02", "2002/03", "2002/04", "2002/05", 
"2002/06", "2002/07", "2002/08", "2002/09", "2002/10", "2002/11", 
"2002/12", "2003/01", "2003/02", "2003/03", "2003/04", "2003/05", 
"2003/06", "2003/07", "2003/08", "2003/09", "2003/10", "2003/11", 
"2003/12", "2004/01", "2004/02", "2004/03", "2004/04", "2004/05", 
"2004/06", "2004/07", "2004/08", "2004/09", "2004/10", "2004/11", 
"2004/12", "2005/01", "2005/02", "2005/03", "2005/04", "2005/05", 
"2005/06", "2005/07", "2005/08", "2005/09", "2005/10", "2005/11", 
"2005/12", "2006/01", "2006/02", "2006/03", "2006/04", "2006/05", 
"2006/06", "2006/07", "2006/08", "2006/09", "2006/10", "2006/11"
), EALR.Prec = c(0.0672926447574335, 0.0356234096692112, 0.0425531914893617, 
0.0858369098712446, 0.0348258706467662, 0.0315789473684211, 0.0372960372960373, 
0.0554675118858954, 0.0488058151609553, 0.0505979760809568, 0.0673788003286771, 
0.0502749410840534, 0.0495327102803738, 0.0448598130841121, 0.0760233918128655, 
0.0427553444180523, 0.0628140703517588, 0.0971074380165289, 0.0956521739130435, 
0.0682302771855011, 0.0654490106544901, 0.0766129032258065, 0.0315789473684211, 
0.0350076103500761, 0.0702087286527514, 0.06941431670282, 0.0428571428571429, 
0.0369426751592357, 0.0425170068027211, 0.0249554367201426, 0.0443213296398892, 
0.103448275862069, 0.0601503759398496, 0.0394736842105263, 0.0708812260536398, 
0.0857142857142857, 0.0738636363636364, 0.0649867374005305, 0.0586319218241042, 
0.0319488817891374, 0.0933333333333333, 0.0821917808219178, 0.0292134831460674, 
0.037037037037037, 0.0314569536423841, 0.0396270396270396, 0.088646967340591, 
0.056, 0.0274285714285714, 0.0464071856287425, 0.0304182509505703, 
0.036563071297989, 0.0659630606860158, 0.0921052631578947, 0.164948453608247, 
0.0940766550522648, 0.0457142857142857, 0.0526315789473684, 0.0250696378830084, 
0.036697247706422, 0, 0, 0.00746268656716418, 0.0111111111111111, 
0.0446827524575514, 0.0255957634598411, 0.116883116883117, 0.2, 
0.0137046861184792, 0.0209698558322412, 0.0171184022824536, 0.0335403726708075, 
0.0600522193211488, 0.0854700854700855, 0.0236842105263158, 0.00857632933104631, 
0.00313479623824451, 0.00917431192660551, 0.00694444444444444
), RandomForest.Prec = c(0.281553398058252, 0.212903225806452, 
0.368421052631579, 0.277777777777778, 0.158730158730159, 0.0931372549019608, 
0.125, 0.375, 0.189189189189189, 0.46, 0.217948717948718, 0.314814814814815, 
0.238709677419355, 0.228915662650602, 0.225225225225225, 0.244131455399061, 
0.375, 0.463414634146341, 0.310810810810811, 0.514285714285714, 
0.384615384615385, 0.435897435897436, 0.307692307692308, 0.470588235294118, 
0.315789473684211, 0.288732394366197, 0.244186046511628, 0.255434782608696, 
0.325, 0.247706422018349, 0.305882352941176, 0.338983050847458, 
0.272727272727273, 0.375, 0.488372093023256, 0.345132743362832, 
0.5, 0.608695652173913, 0.461538461538462, 0.466666666666667, 
0.620689655172414, 0.479166666666667, 0.228070175438596, 0.303571428571429, 
0.5, 1, 0.234042553191489, 0.46875, 0.357142857142857, 0.325581395348837, 
0.184615384615385, 0.344827586206897, 0.342465753424658, 0.230769230769231, 
0.298701298701299, 0.203921568627451, 0.246153846153846, 0.317647058823529, 
0.0952380952380952, 0.229508196721311, 0.254385964912281, 0.207692307692308, 
0.232876712328767, 0.202380952380952, 0.232876712328767, 0.102409638554217, 
0.169811320754717, 0.19047619047619, 0.149812734082397, 0.140909090909091, 
0.27027027027027, 0.196078431372549, 0.298245614035088, 0.230769230769231, 
0.121495327102804, 0.102189781021898, 0.10126582278481, 0.0487804878048781, 
0.0137931034482759), J48.Prec = c(0.0706075533661741, 0.153225806451613, 
0.100719424460432, 0.0808510638297872, 0.00896860986547085, 0.0514705882352941, 
0.0601503759398496, 0.0777777777777778, 0.0844793713163065, 0.104761904761905, 
0.106753812636166, 0.117647058823529, 0.109947643979058, 0.138364779874214, 
0.0899470899470899, 0.160493827160494, 0.0909090909090909, 0.201183431952663, 
0.161490683229814, 0.224489795918367, 0.258823529411765, 0.178571428571429, 
0.26984126984127, 0.0673758865248227, 0.181818181818182, 0.198198198198198, 
0.171974522292994, 0.162790697674419, 0.179591836734694, 0.113821138211382, 
0.1, 0.0568720379146919, 0.142857142857143, 0.229357798165138, 
0.151162790697674, 0.198529411764706, 0.26, 0.272727272727273, 
0.228915662650602, 0.114583333333333, 0.182608695652174, 0.21505376344086, 
0.346153846153846, 0.191489361702128, 0.282051282051282, 0.666666666666667, 
0.128834355828221, 0.366666666666667, 0.19047619047619, 0.0496277915632754, 
0.0647058823529412, 0.19047619047619, 0.119521912350598, 0.230769230769231, 
0.116883116883117, 0.220338983050847, 0.145454545454545, 0.3125, 
0.25, 0.143939393939394, 0.125954198473282, 0.155688622754491, 
0.0238095238095238, 0.131756756756757, 0.123711340206186, 0.0466926070038911, 
0.0556900726392252, 0.150943396226415, 0.129113924050633, 0.0229885057471264, 
0.0857142857142857, 0.0636363636363636, 0.0986842105263158, 0.078125, 
0.138888888888889, 0.00467289719626168, 0.0204918032786885, 0.0357142857142857, 
0.0177304964539007),