structure(list(trainfold = c(1, 2, 3, 4, 5, 6, 7, 8, 9, 10, 11, 
12, 13, 14, 15, 16, 17, 18, 19, 20, 21, 22, 23, 24, 25, 26, 27, 
28, 29, 30, 31, 32, 33, 34, 35, 36, 37, 38, 39, 40, 41, 42, 43, 
44, 45, 46, 47, 48, 49, 50, 51, 52, 53, 54, 55, 56, 57, 58, 59, 
60, 61, 62, 63, 64, 65, 66, 67, 68, 69, 70, 71, 72, 73, 74, 75
), validfold = c(5, 6, 7, 8, 9, 10, 11, 12, 13, 14, 15, 16, 17, 
18, 19, 20, 21, 22, 23, 24, 25, 26, 27, 28, 29, 30, 31, 32, 33, 
34, 35, 36, 37, 38, 39, 40, 41, 42, 43, 44, 45, 46, 47, 48, 49, 
50, 51, 52, 53, 54, 55, 56, 57, 58, 59, 60, 61, 62, 63, 64, 65, 
66, 67, 68, 69, 70, 71, 72, 73, 74, 75, 76, 77, 78, 79), trainmonth = c("2001/05", 
"2001/06", "2001/07", "2001/08", "2001/09", "2001/10", "2001/11", 
"2001/12", "2002/01", "2002/02", "2002/03", "2002/04", "2002/05", 
"2002/06", "2002/07", "2002/08", "2002/09", "2002/10", "2002/11", 
"2002/12", "2003/01", "2003/02", "2003/03", "2003/04", "2003/05", 
"2003/06", "2003/07", "2003/08", "2003/09", "2003/10", "2003/11", 
"2003/12", "2004/01", "2004/02", "2004/03", "2004/04", "2004/05", 
"2004/06", "2004/07", "2004/08", "2004/09", "2004/10", "2004/11", 
"2004/12", "2005/01", "2005/02", "2005/03", "2005/04", "2005/05", 
"2005/06", "2005/07", "2005/08", "2005/09", "2005/10", "2005/11", 
"2005/12", "2006/01", "2006/02", "2006/03", "2006/04", "2006/05", 
"2006/06", "2006/07", "2006/08", "2006/09", "2006/10", "2006/11", 
"2006/12", "2007/01", "2007/02", "2007/03", "2007/04", "2007/05", 
"2007/06", "2007/07"), validmonth = c("2001/09", "2001/10", "2001/11", 
"2001/12", "2002/01", "2002/02", "2002/03", "2002/04", "2002/05", 
"2002/06", "2002/07", "2002/08", "2002/09", "2002/10", "2002/11", 
"2002/12", "2003/01", "2003/02", "2003/03", "2003/04", "2003/05", 
"2003/06", "2003/07", "2003/08", "2003/09", "2003/10", "2003/11", 
"2003/12", "2004/01", "2004/02", "2004/03", "2004/04", "2004/05", 
"2004/06", "2004/07", "2004/08", "2004/09", "2004/10", "2004/11", 
"2004/12", "2005/01", "2005/02", "2005/03", "2005/04", "2005/05", 
"2005/06", "2005/07", "2005/08", "2005/09", "2005/10", "2005/11", 
"2005/12", "2006/01", "2006/02", "2006/03", "2006/04", "2006/05", 
"2006/06", "2006/07", "2006/08", "2006/09", "2006/10", "2006/11", 
"2006/12", "2007/01", "2007/02", "2007/03", "2007/04", "2007/05", 
"2007/06", "2007/07", "2007/08", "2007/09", "2007/10", "2007/11"
), EALR.ACC = c(0.194029850746269, 0.227722772277228, 0.172131147540984, 
0.258278145695364, 0.172222222222222, 0.478448275862069, 0.429429429429429, 
0.377011494252874, 0.431095406360424, 0.472972972972973, 0.236363636363636, 
0.305263157894737, 0.329545454545455, 0.47719298245614, 0.381766381766382, 
0.0142045454545455, 0.0771349862258953, 0.748091603053435, 0.684563758389262, 
0.168, 0.211920529801325, 0.355, 0.24537037037037, 0.307692307692308, 
0.311036789297659, 0.207272727272727, 0.0540540540540541, 0.0977443609022556, 
0.260623229461756, 0.353433835845896, 0.240208877284595, 0.340540540540541, 
0.211740041928721, 0.401234567901235, 1, 0.260089686098655, 0.22972972972973, 
0.491329479768786, 0.366336633663366, 0.306179775280899, 0.285097192224622, 
0.309012875536481, 0.137472283813747, 0.179545454545455, 0.224561403508772, 
0.435643564356436, 0.30327868852459, 0.156462585034014, 0.230366492146597, 
0.346625766871166, 0.430232558139535, 0.425692695214106, 0.393992932862191, 
0.204502814258912, 0.214111922141119, 0.420560747663551, 0.306818181818182, 
0.261363636363636, 0.306451612903226, 0.364406779661017, 0.272727272727273, 
0.584415584415584, 0.482758620689655, 0.272277227722772, 0.360824742268041, 
0.294392523364486, 0.37344398340249, 0.35672514619883, 0.403225806451613, 
0.260869565217391, 0.28169014084507, 0.389830508474576, 0.0714285714285714, 
0.0727272727272727, 0.03125), RandomForest.ACC = c(0.0149253731343284, 
0.0198019801980198, 0.0163934426229508, 0.139072847682119, 0.0777777777777778, 
0.181034482758621, 0.27027027027027, 0.0942528735632184, 0.303886925795053, 
0.121621621621622, 0.290909090909091, 0.210526315789474, 0.130681818181818, 
0.101754385964912, 0.0911680911680912, 0.0142045454545455, 0.0964187327823691, 
0.0343511450381679, 0.187919463087248, 0.16, 0.0927152317880795, 
0.12, 0.148148148148148, 0.102564102564103, 0.103678929765886, 
0.189090909090909, 0.177606177606178, 0.236842105263158, 0.453257790368272, 
0.278056951423786, 0.0339425587467363, 0.195945945945946, 0.186582809224319, 
0.425925925925926, 0.0821917808219178, 0.161434977578475, 0.131756756756757, 
0.130057803468208, 0.118811881188119, 0.210674157303371, 0.257019438444924, 
0.229613733905579, 0.150776053215078, 0.127272727272727, 0.235087719298246, 
0.108910891089109, 0.180327868852459, 0.17687074829932, 0.0994764397905759, 
0.233128834355828, 0.148255813953488, 0.110831234256927, 0.162544169611307, 
0.0900562851782364, 0.131386861313869, 0.0280373831775701, 0.0113636363636364, 
0.204545454545455, 0.193548387096774, 0.313559322033898, 0.159090909090909, 
0.138528138528139, 0.254310344827586, 0.158415841584158, 0.252577319587629, 
0.233644859813084, 0.195020746887967, 0.222222222222222, 0.0806451612903226, 
0.239130434782609, 0.183098591549296, 0.23728813559322, 0.339285714285714, 
0.0727272727272727, 0.09375), J48.ACC = c(0.164179104477612, 
0.0693069306930693, 0.114754098360656, 0.178807947019868, 0.172222222222222, 
0.0560344827586207, 0.234234234234234, 0.144827586206897, 0.250883392226148, 
0.527027027027027, 0.345454545454545, 0.0105263157894737, 0.221590909090909, 
0.136842105263158, 0.188034188034188, 0.00284090909090909, 0.245179063360882, 
0.145038167938931, 0.0469798657718121, 0.12, 0.0728476821192053, 
0.22, 0.259259259259259, 0.117216117216117, 0.110367892976589, 
0.116363636363636, 0.0694980694980695, 0.0413533834586466, 0.453257790368272, 
0.217755443886097, 0.0548302872062663, 0.0878378378378378, 0.266247379454927, 
0.320987654320988, 0.102739726027397, 0.255605381165919, 0.0743243243243243, 
0.0520231213872832, 0.0396039603960396, 0.120786516853933, 0.0971922246220302, 
0.105150214592275, 0.0864745011086474, 0.152272727272727, 0.164912280701754, 
0.207920792079208, 0.0573770491803279, 0.129251700680272, 0.0732984293193717, 
0.0889570552147239, 0.0813953488372093, 0.0906801007556675, 0.19434628975265, 
0.24202626641651, 0.194647201946472, 0.168224299065421, 0.238636363636364, 
0.363636363636364, 0.129032258064516, 0.161016949152542, 0.181818181818182, 
0.125541125541126, 0.133620689655172, 0.183168316831683, 0.201030927835052, 
0.228971962616822, 0.195020746887967, 0.198830409356725, 0.0645161290322581, 
0.304347826086957, 0.225352112676056, 0.355932203389831, 0.0892857142857143, 
0.0727272727272727, 0.03125),