structure(list(trainfold = c(1, 2, 3, 4, 5, 6, 7, 8, 9, 10, 11, 
12, 13, 14, 15, 16, 17, 18, 19, 20, 21, 22, 23, 24, 25, 26, 27, 
28, 29, 30, 31, 32, 33, 34, 35, 36, 37, 38, 39), validfold = c(5, 
6, 7, 8, 9, 10, 11, 12, 13, 14, 15, 16, 17, 18, 19, 20, 21, 22, 
23, 24, 25, 26, 27, 28, 29, 30, 31, 32, 33, 34, 35, 36, 37, 38, 
39, 40, 41, 42, 43), trainmonth = c("2002/11", "2002/12", "2003/01", 
"2003/02", "2003/03", "2003/04", "2003/05", "2003/06", "2003/07", 
"2003/08", "2003/09", "2003/10", "2003/11", "2003/12", "2004/01", 
"2004/02", "2004/03", "2004/04", "2004/05", "2004/06", "2004/07", 
"2004/08", "2004/09", "2004/10", "2004/11", "2004/12", "2005/01", 
"2005/02", "2005/04", "2005/05", "2005/06", "2005/07", "2005/08", 
"2005/09", "2005/10", "2005/11", "2005/12", "2006/01", "2006/02"
), validmonth = c("2003/03", "2003/04", "2003/05", "2003/06", 
"2003/07", "2003/08", "2003/09", "2003/10", "2003/11", "2003/12", 
"2004/01", "2004/02", "2004/03", "2004/04", "2004/05", "2004/06", 
"2004/07", "2004/08", "2004/09", "2004/10", "2004/11", "2004/12", 
"2005/01", "2005/02", "2005/04", "2005/05", "2005/06", "2005/07", 
"2005/08", "2005/09", "2005/10", "2005/11", "2005/12", "2006/01", 
"2006/02", "2006/03", "2006/04", "2006/05", "2006/06"), EALR.ACC = c(0.446280991735537, 
0.255555555555556, 0.280898876404494, 0.4, 0.428571428571429, 
0.4375, 0.300884955752212, 0.294117647058824, 0.258823529411765, 
0.410526315789474, 0.447368421052632, 0.491935483870968, 0.421052631578947, 
0.394366197183099, 0.432432432432432, 0.401639344262295, 0.42, 
0.418181818181818, 0.484848484848485, 0.40625, 0.463414634146341, 
0.435897435897436, 0.357142857142857, 0.3, 0.285714285714286, 
0.1, 0.276595744680851, 0.564102564102564, 0.4, 0.347826086956522, 
0.4, 0.4, 0.555555555555556, 0.64, 0.307692307692308, 0.222222222222222, 
0.208333333333333, 0.52, 0.714285714285714), RandomForest.ACC = c(0.231404958677686, 
0.211111111111111, 0.213483146067416, 0.1875, 0.0892857142857143, 
0.175, 0.123893805309735, 0.0980392156862745, 0.0470588235294118, 
0.0736842105263158, 0.0921052631578947, 0.306451612903226, 0.486842105263158, 
0.169014084507042, 0.0675675675675676, 0.114754098360656, 0.04, 
0.181818181818182, 0.0909090909090909, 0.1875, 0.121951219512195, 
0.128205128205128, 0.0357142857142857, 0.1, 0.0714285714285714, 
0.2, 0.276595744680851, 0.256410256410256, 0.0714285714285714, 
0.0434782608695652, 0.2, 0.2, 0.166666666666667, 0.2, 0.153846153846154, 
0.037037037037037, 0.333333333333333, 0.2, 0.142857142857143), 
    J48.ACC = c(0.272727272727273, 0.166666666666667, 0.191011235955056, 
    0.1125, 0.25, 0.2, 0.150442477876106, 0.186274509803922, 
    0.0352941176470588, 0.231578947368421, 0.151315789473684, 
    0.32258064516129, 0.118421052631579, 0.23943661971831, 0.189189189189189, 
    0.163934426229508, 0.1, 0.0727272727272727, 0.212121212121212, 
    0.125, 0.170731707317073, 0.205128205128205, 0.0714285714285714, 
    0.5, 0.5, 0.233333333333333, 0.212765957446809, 0.256410256410256, 
    0.414285714285714, 0.217391304347826, 0.2, 0.2, 0.222222222222222, 
    0.28, 0.807692307692308, 0.222222222222222, 0.208333333333333, 
    0.2, 0.571428571428571), IBk.ACC = c(0.355371900826446, 0.177777777777778, 
    0.157303370786517, 0.125, 0.142857142857143, 0.1625, 0.115044247787611, 
    0.0784313725490196, 0.0235294117647059, 0.105263157894737, 
    0.118421052631579, 0.370967741935484, 0.394736842105263, 
    0.183098591549296, 0.0810810810810811, 0.114754098360656, 
    0.13, 0.309090909090909, 0.363636363636364, 0.03125, 0.121951219512195, 
    0.0769230769230769, 0.0714285714285714, 0.2, 0.0714285714285714, 
    0.1, 0.319148936170213, 0.423076923076923, 0.414285714285714, 
    0.173913043478261, 0.6, 0.6, 0.222222222222222, 0.24, 0.653846153846154, 
    0.222222222222222, 0.25, 0.2, 0.142857142857143), ns.UP.ACC = c(0, 
    0, 0, 0, 0, 0, 0, 0.950980392156863, 0.929411764705882, 0.0105263157894737, 
    0.0131578947368421, 0.0161290322580645, 0.0131578947368421, 
    0.0140845070422535, 0, 0, 0.01, 0, 0, 0, 0, 0, 0, 0.1, 0, 
    0, 0, 0.0128205128205128, 0.0142857142857143, 0, 0, 0.2, 
    0.0555555555555556, 0, 0.0384615384615385, 0.148148148148148, 
    0, 0, 0), nm.UP.ACC = c(0.0165289256198347, 0, 0, 0, 0, 0.075, 
    0.115044247787611, 0.970588235294118, 0.964705882352941, 
    0.473684210526316, 0.802631578947368, 0.758064516129032, 
    0.118421052631579, 0.112676056338028, 0.189189189189189, 
    0.0655737704918033, 0.09, 0.381818181818182, 0.272727272727273, 
    0.46875, 0.390243902439024, 0.0256410256410256, 0, 0.7, 0.642857142857143, 
    0.0333333333333333, 0.148936170212766, 0.641025641025641, 
    0.642857142857143, 0.434782608695652, 0.2, 0.6, 0.333333333333333, 
    0, 0.538461538461538, 0.666666666666667, 0.125, 0.08, 0), 
    nf.UP.ACC = c(0.28099173553719, 0.0333333333333333, 0.314606741573034, 
    0.3125, 0.0714285714285714, 0.2375, 0.345132743362832, 0.980392156862745, 
    0.976470588235294, 0.336842105263158, 0.822368421052632, 
    0.806451612903226, 0.631578947368421, 0.436619718309859, 
    0.432432432432432, 0.39344262295082, 0.41, 0.272727272727273, 
    0.151515151515152, 0.5, 0.439024390243902, 0.282051282051282, 
    0.25, 0.7, 0.642857142857143, 0.433333333333333, 0.340425531914894, 
    0.653846153846154, 0.628571428571429, 0.434782608695652, 
    0.4, 0.6, 0.611111111111111, 0.32, 0.730769230769231, 0.666666666666667, 
    0.25, 0.08, 0), entropy.UP.ACC = c(0.504132231404959, 0, 
    0.415730337078652, 0.4625, 0.0714285714285714, 0.3125, 0.353982300884956, 
    0.813725490196078, 0.858823529411765, 0.452631578947368, 
    0.756578947368421, 0.67741935483871, 0.631578947368421, 0.591549295774648, 
    0.540540540540541, 0.475409836065574, 0.45, 0.454545454545455, 
    0.333333333333333, 0.46875, 0.48780487804878, 0.384615384615385, 
    0, 0.7, 0.714285714285714, 0.566666666666667, 0.553191489361702, 
    0.628205128205128, 0.671428571428571, 0.608695652173913, 
    0.6, 0.6, 0.555555555555556, 0.52, 0.769230769230769, 0.703703703703704, 
    0.375, 0.52, 0.642857142857143), lt.UP.ACC = c(0.495867768595041, 
    0.4, 0.325842696629214, 0.3125, 0.339285714285714, 0.325, 
    0.353982300884956, 0.980392156862745, 0.976470588235294, 
    0.6, 0.842105263157895, 0.806451612903226, 0.736842105263158, 
    0.549295774647887, 0.567567567567568, 0.467213114754098, 
    0.49, 0.436363636363636, 0.212121212121212, 0.4375, 0.439024390243902, 
    0.384615384615385, 0.357142857142857, 0.7, 0.642857142857143, 
    0.3, 0.425531914893617, 0.615384615384615, 0.642857142857143, 
    0.434782608695652, 0, 0.6, 0.555555555555556, 0.44, 0.615384615384615, 
    0.703703703703704, 0.333333333333333, 0.16, 0.142857142857143
    ), fix.UP.ACC = c(0, 0, 0, 0, 0, 0, 0, 0.00980392156862745, 
    0.0117647058823529, 0.0105263157894737, 0.513157894736842, 
    0.0241935483870968, 0.0131578947368421, 0.0140845070422535, 
    0.0135135135135135, 0.00819672131147541, 0.02, 0.0363636363636364, 
    0, 0, 0, 0, 0, 0.1, 0.0714285714285714, 0, 0, 0.0128205128205128, 
    0.0142857142857143, 0, 0, 0.2, 0.0555555555555556, 0, 0.0384615384615385, 
    0.037037037037037, 0, 0, 0), ndev.UP.ACC = c(0.347107438016529, 
    0.155555555555556, 0.112359550561798, 0.3375, 0.321428571428571, 
    0.3625, 0.256637168141593, 0.980392156862745, 0.976470588235294, 
    0.410526315789474, 0.611842105263158, 0.709677419354839, 
    0.723684210526316, 0.507042253521127, 0.432432432432432, 
    0.442622950819672, 0.37, 0.345454545454545, 0.272727272727273, 
    0.40625, 0.390243902439024, 0.461538461538462, 0.571428571428571, 
    0.7, 0.214285714285714, 0, 0.361702127659574, 0.512820512820513, 
    0.5, 0.434782608695652, 0.4, 0.6, 0.444444444444444, 0.44, 
    0.615384615384615, 0.592592592592593, 0.25, 0.04, 0),