structure(list(trainfold = c(1, 2, 3, 4, 5, 6, 7, 8, 9, 10, 11, 
12, 13, 14, 15, 16, 17, 18, 19, 20, 21, 22, 23, 24, 25, 26, 27, 
28, 29, 30, 31, 32, 33, 34, 35, 36, 37, 38, 39), validfold = c(5, 
6, 7, 8, 9, 10, 11, 12, 13, 14, 15, 16, 17, 18, 19, 20, 21, 22, 
23, 24, 25, 26, 27, 28, 29, 30, 31, 32, 33, 34, 35, 36, 37, 38, 
39, 40, 41, 42, 43), trainmonth = c("2002/11", "2002/12", "2003/01", 
"2003/02", "2003/03", "2003/04", "2003/05", "2003/06", "2003/07", 
"2003/08", "2003/09", "2003/10", "2003/11", "2003/12", "2004/01", 
"2004/02", "2004/03", "2004/04", "2004/05", "2004/06", "2004/07", 
"2004/08", "2004/09", "2004/10", "2004/11", "2004/12", "2005/01", 
"2005/02", "2005/04", "2005/05", "2005/06", "2005/07", "2005/08", 
"2005/09", "2005/10", "2005/11", "2005/12", "2006/01", "2006/02"
), validmonth = c("2003/03", "2003/04", "2003/05", "2003/06", 
"2003/07", "2003/08", "2003/09", "2003/10", "2003/11", "2003/12", 
"2004/01", "2004/02", "2004/03", "2004/04", "2004/05", "2004/06", 
"2004/07", "2004/08", "2004/09", "2004/10", "2004/11", "2004/12", 
"2005/01", "2005/02", "2005/04", "2005/05", "2005/06", "2005/07", 
"2005/08", "2005/09", "2005/10", "2005/11", "2005/12", "2006/01", 
"2006/02", "2006/03", "2006/04", "2006/05", "2006/06"), EALR.Prec = c(0.357615894039735, 
0.242105263157895, 0.129533678756477, 0.154589371980676, 0.193548387096774, 
0.213414634146341, 0.225165562913907, 0.254237288135593, 0.458333333333333, 
0.506493506493506, 0.607142857142857, 0.448529411764706, 0.344086021505376, 
0.354430379746835, 0.329896907216495, 0.328859060402685, 0.333333333333333, 
0.239583333333333, 0.225352112676056, 0.142857142857143, 0.169642857142857, 
0.261538461538462, 0.344827586206897, 0.333333333333333, 0.125, 
0.176470588235294, 0.117117117117117, 0.282051282051282, 0.337349397590361, 
0.235294117647059, 0.25, 0.222222222222222, 0.384615384615385, 
0.363636363636364, 0.296296296296296, 0.230769230769231, 0.087719298245614, 
0.240740740740741, 0.163934426229508), RandomForest.Prec = c(0.571428571428571, 
0.431818181818182, 0.306451612903226, 0.333333333333333, 0.357142857142857, 
0.424242424242424, 0.608695652173913, 0.294117647058824, 0.444444444444444, 
1, 0.823529411764706, 0.716981132075472, 0.37, 0.75, 0.625, 0.823529411764706, 
1, 1, 0.333333333333333, 0.545454545454545, 0.384615384615385, 
0.625, 0.333333333333333, 1, 0.5, 0.230769230769231, 0.288888888888889, 
0.454545454545455, 0.625, 0.166666666666667, 0.2, 1, 1, 1, 0.235294117647059, 
0.333333333333333, 0.615384615384615, 0.833333333333333, 0.333333333333333
), J48.Prec = c(0.434210526315789, 0.394736842105263, 0.386363636363636, 
0.272727272727273, 0.333333333333333, 0.266666666666667, 0.586206896551724, 
0.292307692307692, 1, 0.916666666666667, 0.766666666666667, 0.769230769230769, 
0.5625, 0.472222222222222, 0.636363636363636, 0.425531914893617, 
0.714285714285714, 0.5, 0.538461538461538, 0.222222222222222, 
0.259259259259259, 0.380952380952381, 0.153846153846154, 0.333333333333333, 
0.411764705882353, 0.155555555555556, 0.217391304347826, 0.625, 
0.273584905660377, 0.192307692307692, 0.166666666666667, 0.5, 
1, 0.777777777777778, 0.313432835820896, 0.272727272727273, 0.227272727272727, 
0.333333333333333, 0.444444444444444), IBk.Prec = c(0.443298969072165, 
0.41025641025641, 0.241379310344828, 0.25, 0.363636363636364, 
0.565217391304348, 0.619047619047619, 0.380952380952381, 0.25, 
1, 0.782608695652174, 0.793103448275862, 0.476190476190476, 0.684210526315789, 
0.6, 0.666666666666667, 0.764705882352941, 0.62962962962963, 
0.6, 0.25, 0.277777777777778, 0.5, 0.5, 0.666666666666667, 0.5, 
0.230769230769231, 0.294117647058824, 0.336734693877551, 0.397260273972603, 
0.307692307692308, 0.75, 1, 1, 1, 0.309090909090909, 0.206896551724138, 
0.4, 0.357142857142857, 0.333333333333333), ns.UP.Prec = c(0, 
0, 0, 0, 0, 0, 0, 0.228235294117647, 0.311023622047244, 0.0125, 
0.0194174757281553, 0.0173913043478261, 0.00813008130081301, 
0.0099009900990099, 0, 0, 0.00632911392405063, 0, 0, 0, 0, 0, 
0, 0.0526315789473684, 0, 0, 0, 0.00609756097560976, 0.00684931506849315, 
0, 0, 0.0588235294117647, 0.03125, 0, 0.0138888888888889, 0.043010752688172, 
0, 0, 0), nm.UP.Prec = c(0.0123456790123457, 0, 0, 0, 0, 0.041958041958042, 
0.0601851851851852, 0.232941176470588, 0.32156862745098, 0.428571428571429, 
0.547085201793722, 0.454106280193237, 0.09, 0.0879120879120879, 
0.132075471698113, 0.051948051948052, 0.0687022900763359, 0.205882352941176, 
0.126760563380282, 0.128205128205128, 0.144144144144144, 0.0153846153846154, 
0, 0.291666666666667, 0.155172413793103, 0.00675675675675676, 
0.0414201183431953, 0.247524752475248, 0.254237288135593, 0.144927536231884, 
0.0555555555555556, 0.157894736842105, 0.181818181818182, 0, 
0.179487179487179, 0.176470588235294, 0.0326086956521739, 0.025, 
0), nf.UP.Prec = c(0.2, 0.016304347826087, 0.112449799196787, 
0.112612612612613, 0.0294117647058824, 0.115151515151515, 0.151162790697674, 
0.234192037470726, 0.32295719844358, 0.313725490196078, 0.553097345132743, 
0.467289719626168, 0.294478527607362, 0.306930693069307, 0.258064516129032, 
0.266666666666667, 0.259493670886076, 0.151515151515152, 0.0862068965517241, 
0.140350877192982, 0.163636363636364, 0.150684931506849, 0.132075471698113, 
0.291666666666667, 0.155172413793103, 0.0838709677419355, 0.0833333333333333, 
0.251231527093596, 0.241758241758242, 0.136986301369863, 0.111111111111111, 
0.157894736842105, 0.261904761904762, 0.177777777777778, 0.223529411764706, 
0.181818181818182, 0.072289156626506, 0.0294117647058824, 0), 
    entropy.UP.Prec = c(0.273542600896861, 0, 0.133093525179856, 
    0.14859437751004, 0.0264900662251656, 0.148809523809524, 
    0.165289256198347, 0.220159151193634, 0.3215859030837, 0.434343434343434, 
    0.566502463054187, 0.466666666666667, 0.322147651006711, 
    0.347107438016529, 0.307692307692308, 0.288557213930348, 
    0.279503105590062, 0.252525252525253, 0.164179104477612, 
    0.157894736842105, 0.212765957446809, 0.194805194805195, 
    0, 0.333333333333333, 0.172413793103448, 0.105590062111801, 
    0.133333333333333, 0.269230769230769, 0.291925465838509, 
    0.197183098591549, 0.166666666666667, 0.1875, 0.285714285714286, 
    0.302325581395349, 0.235294117647059, 0.208791208791209, 
    0.1, 0.134020618556701, 0.15), lt.UP.Prec = c(0.258620689655172, 
    0.19047619047619, 0.122881355932203, 0.123152709359606, 0.129251700680272, 
    0.146067415730337, 0.155038759689922, 0.234192037470726, 
    0.32295719844358, 0.456, 0.563876651982379, 0.467289719626168, 
    0.323699421965318, 0.351351351351351, 0.315789473684211, 
    0.270142180094787, 0.278409090909091, 0.224299065420561, 
    0.111111111111111, 0.123893805309735, 0.157894736842105, 
    0.180722891566265, 0.149253731343284, 0.318181818181818, 
    0.166666666666667, 0.0687022900763359, 0.114942528735632, 
    0.234146341463415, 0.25, 0.15625, 0, 0.157894736842105, 0.25, 
    0.25, 0.197530864197531, 0.193877551020408, 0.0842105263157895, 
    0.0416666666666667, 0.0357142857142857), fix.UP.Prec = c(0, 
    0, 0, 0, 0, 0, 0, 0.00531914893617021, 0.00900900900900901, 
    0.0227272727272727, 0.534246575342466, 0.032967032967033, 
    0.0117647058823529, 0.02, 0.0166666666666667, 0.00900900900900901, 
    0.0232558139534884, 0.0377358490566038, 0, 0, 0, 0, 0, 0.1, 
    0.0344827586206897, 0, 0, 0.00813008130081301, 0.0114942528735632, 
    0, 0, 0.125, 0.0454545454545455, 0, 0.0204081632653061, 0.0138888888888889, 
    0, 0, 0),