structure(list(trainfold = c(1, 2, 3, 4, 5, 6, 7, 8, 9, 10, 11, 
12, 13, 14, 15, 16, 17, 18, 19, 20, 21, 22, 23, 24, 25, 26, 27, 
28, 29, 30, 31, 32, 33, 34, 35, 36, 37, 38, 39, 40, 41, 42, 43, 
44, 45, 46, 47, 48, 49, 50, 51, 52, 53, 54, 55, 56, 57, 58, 59, 
60, 61, 62, 63, 64, 65, 66, 67, 68, 69, 70, 71, 72, 73, 74, 75
), validfold = c(5, 6, 7, 8, 9, 10, 11, 12, 13, 14, 15, 16, 17, 
18, 19, 20, 21, 22, 23, 24, 25, 26, 27, 28, 29, 30, 31, 32, 33, 
34, 35, 36, 37, 38, 39, 40, 41, 42, 43, 44, 45, 46, 47, 48, 49, 
50, 51, 52, 53, 54, 55, 56, 57, 58, 59, 60, 61, 62, 63, 64, 65, 
66, 67, 68, 69, 70, 71, 72, 73, 74, 75, 76, 77, 78, 79), trainmonth = c("2001/05", 
"2001/06", "2001/07", "2001/08", "2001/09", "2001/10", "2001/11", 
"2001/12", "2002/01", "2002/02", "2002/03", "2002/04", "2002/05", 
"2002/06", "2002/07", "2002/08", "2002/09", "2002/10", "2002/11", 
"2002/12", "2003/01", "2003/02", "2003/03", "2003/04", "2003/05", 
"2003/06", "2003/07", "2003/08", "2003/09", "2003/10", "2003/11", 
"2003/12", "2004/01", "2004/02", "2004/03", "2004/04", "2004/05", 
"2004/06", "2004/07", "2004/08", "2004/09", "2004/10", "2004/11", 
"2004/12", "2005/01", "2005/02", "2005/03", "2005/04", "2005/05", 
"2005/06", "2005/07", "2005/08", "2005/09", "2005/10", "2005/11", 
"2005/12", "2006/01", "2006/02", "2006/03", "2006/04", "2006/05", 
"2006/06", "2006/07", "2006/08", "2006/09", "2006/10", "2006/11", 
"2006/12", "2007/01", "2007/02", "2007/03", "2007/04", "2007/05", 
"2007/06", "2007/07"), validmonth = c("2001/09", "2001/10", "2001/11", 
"2001/12", "2002/01", "2002/02", "2002/03", "2002/04", "2002/05", 
"2002/06", "2002/07", "2002/08", "2002/09", "2002/10", "2002/11", 
"2002/12", "2003/01", "2003/02", "2003/03", "2003/04", "2003/05", 
"2003/06", "2003/07", "2003/08", "2003/09", "2003/10", "2003/11", 
"2003/12", "2004/01", "2004/02", "2004/03", "2004/04", "2004/05", 
"2004/06", "2004/07", "2004/08", "2004/09", "2004/10", "2004/11", 
"2004/12", "2005/01", "2005/02", "2005/03", "2005/04", "2005/05", 
"2005/06", "2005/07", "2005/08", "2005/09", "2005/10", "2005/11", 
"2005/12", "2006/01", "2006/02", "2006/03", "2006/04", "2006/05", 
"2006/06", "2006/07", "2006/08", "2006/09", "2006/10", "2006/11", 
"2006/12", "2007/01", "2007/02", "2007/03", "2007/04", "2007/05", 
"2007/06", "2007/07", "2007/08", "2007/09", "2007/10", "2007/11"
), EALR.Prec = c(0.0302325581395349, 0.0646067415730337, 0.182608695652174, 
0.0638297872340425, 0.0631364562118126, 0.096943231441048, 0.0944517833553501, 
0.10608020698577, 0.128964059196617, 0.0606585788561525, 0.0302325581395349, 
0.0674418604651163, 0.0802213001383126, 0.141666666666667, 0.209048361934477, 
0.555555555555556, 0.264150943396226, 0.133788395904437, 0.124238733252132, 
0.0538461538461538, 0.0399002493765586, 0.0845238095238095, 0.111111111111111, 
0.25531914893617, 0.277611940298507, 0.2, 0.254545454545455, 
0.288888888888889, 0.227722772277228, 0.24004550625711, 0.254847645429363, 
0.208609271523179, 0.166118421052632, 0.135135135135135, 0.191852825229961, 
0.187702265372168, 0.152808988764045, 0.172239108409321, 0.157223796033994, 
0.337461300309598, 0.34375, 0.328018223234624, 0.424657534246575, 
0.318548387096774, 0.227758007117438, 0.10705596107056, 0.0934343434343434, 
0.073482428115016, 0.0960698689956332, 0.138820638820639, 0.268602540834846, 
0.280265339966833, 0.314971751412429, 0.33030303030303, 0.225063938618926, 
0.141955835962145, 0.116379310344828, 0.124324324324324, 0.136690647482014, 
0.144781144781145, 0.0785597381342062, 0.176701570680628, 0.241900647948164, 
0.230125523012552, 0.193370165745856, 0.141255605381166, 0.165441176470588, 
0.200657894736842, 0.123762376237624, 0.141176470588235, 0.48780487804878, 
0.0727848101265823, 0.0434782608695652, 0.0909090909090909, 0.024390243902439
), RandomForest.Prec = c(0.0625, 0.0487804878048781, 0.25, 0.14, 
0.264150943396226, 0.230769230769231, 0.295081967213115, 0.190697674418605, 
0.205741626794258, 0.116883116883117, 0.168421052631579, 0.344827586206897, 
0.247311827956989, 0.241666666666667, 0.492307692307692, 0.714285714285714, 
0.275590551181102, 0.257142857142857, 0.245614035087719, 0.263157894736842, 
0.341463414634146, 0.224299065420561, 0.231884057971014, 0.368421052631579, 
0.284403669724771, 0.342105263157895, 0.220095693779904, 0.336898395721925, 
0.378250591016548, 0.389671361502347, 0.472727272727273, 0.410764872521246, 
0.296666666666667, 0.272727272727273, 0.705882352941177, 0.666666666666667, 
0.609375, 0.445544554455446, 0.5, 0.614754098360656, 0.521929824561403, 
0.532338308457711, 0.527131782945736, 0.509090909090909, 0.429487179487179, 
0.34375, 0.594594594594595, 0.351351351351351, 0.655172413793103, 
0.422222222222222, 0.536842105263158, 0.628571428571429, 0.652482269503546, 
0.631578947368421, 0.46551724137931, 0.75, 0.5, 0.24, 0.342857142857143, 
0.393617021276596, 0.373333333333333, 0.336842105263158, 0.517543859649123, 
0.8, 0.563218390804598, 0.420168067226891, 0.47, 0.387755102040816, 
0.147058823529412, 0.323529411764706, 0.282608695652174, 0.189189189189189, 
0.166666666666667, 0.0563380281690141, 0.12), J48.Prec = c(0.0769230769230769, 
0.0875, 0.115702479338843, 0.101123595505618, 0.202614379084967, 
0.236363636363636, 0.120743034055728, 0.21875, 0.196132596685083, 
0.0970149253731343, 0.15702479338843, 0.5, 0.183962264150943, 
0.226744186046512, 0.155660377358491, 0.5, 0.213942307692308, 
0.24203821656051, 0.241379310344828, 0.192307692307692, 0.0990990990990991, 
0.346456692913386, 0.15954415954416, 0.213333333333333, 0.289473684210526, 
0.380952380952381, 0.202247191011236, 0.234042553191489, 0.294659300184162, 
0.270833333333333, 0.254545454545455, 0.287610619469027, 0.262396694214876, 
0.331210191082803, 0.217391304347826, 0.425373134328358, 0.431372549019608, 
0.222222222222222, 0.169014084507042, 0.3359375, 0.277777777777778, 
0.340277777777778, 0.378640776699029, 0.335, 0.456310679611651, 
0.138157894736842, 0.333333333333333, 0.202127659574468, 0.128440366972477, 
0.171597633136095, 0.571428571428571, 0.260869565217391, 0.265060240963855, 
0.35054347826087, 0.297397769516729, 0.346153846153846, 0.344262295081967, 
0.304761904761905, 0.126984126984127, 0.345454545454545, 0.347826086956522, 
0.223076923076923, 0.248, 0.389473684210526, 0.276595744680851, 
0.192913385826772, 0.319727891156463, 0.323809523809524, 0.114285714285714, 
0.21875, 0.156862745098039, 0.287671232876712, 0.161290322580645, 
0.0714285714285714, 0.0232558139534884), IBk.Prec = c(0.0549450549450549, 
0.103448275862069, 0.166666666666667, 0.118279569892473, 0.157894736842105, 
0.160427807486631, 0.256756756756757, 0.349056603773585, 0.214285714285714, 
0.14, 0.135593220338983, 0.211538461538462, 0.213740458015267, 
0.245333333333333, 0.386503067484663, 0.368421052631579, 0.330049261083744, 
0.253333333333333, 0.273972602739726, 0.219512195121951, 0.284210526315789, 
0.224, 0.206140350877193, 0.315315315315315, 0.290178571428571, 
0.284403669724771, 0.208768267223382, 0.325396825396825, 0.332622601279318, 
0.319230769230769, 0.32, 0.357281553398058, 0.361867704280156, 
0.241379310344828, 0.33, 0.431818181818182, 0.45, 0.293859649122807, 
0.430278884462151, 0.433035714285714, 0.418032786885246, 0.470355731225296, 
0.516129032258065, 0.525423728813559, 0.403973509933775, 0.291666666666667, 
0.526315789473684, 0.490196078431373, 0.365384615384615, 0.454054054054054, 
0.520661157024793, 0.5, 0.517985611510791, 0.482758620689655, 
0.423728813559322, 0.401960784313726, 0.55, 0.298245614035088, 
0.228260869565217, 0.275, 0.350649350649351, 0.366336633663366, 
0.585365853658537, 0.619047619047619, 0.403225806451613, 0.367741935483871, 
0.368421052631579, 0.355140186915888, 0.108108108108108, 0.155555555555556, 
0.343283582089552, 0.243243243243243, 0.22093023255814, 0.0363636363636364, 
0.088),