structure(list(trainfold = c(1, 2, 3, 4, 5, 6, 7, 8, 9, 10, 11, 
12, 13, 14, 15, 16, 17, 18, 19, 20, 21, 22, 23, 24, 25, 26, 27, 
28, 29, 30, 31, 32, 33, 34, 35, 36, 37, 38, 39, 40, 41, 42, 43, 
44, 45, 46, 47, 48, 49, 50, 51, 52, 53, 54, 55, 56, 57, 58, 59, 
60, 61, 62, 63, 64, 65, 66, 67, 68, 69, 70, 71, 72, 73, 74, 75
), validfold = c(5, 6, 7, 8, 9, 10, 11, 12, 13, 14, 15, 16, 17, 
18, 19, 20, 21, 22, 23, 24, 25, 26, 27, 28, 29, 30, 31, 32, 33, 
34, 35, 36, 37, 38, 39, 40, 41, 42, 43, 44, 45, 46, 47, 48, 49, 
50, 51, 52, 53, 54, 55, 56, 57, 58, 59, 60, 61, 62, 63, 64, 65, 
66, 67, 68, 69, 70, 71, 72, 73, 74, 75, 76, 77, 78, 79), trainmonth = c("2001/05", 
"2001/06", "2001/07", "2001/08", "2001/09", "2001/10", "2001/11", 
"2001/12", "2002/01", "2002/02", "2002/03", "2002/04", "2002/05", 
"2002/06", "2002/07", "2002/08", "2002/09", "2002/10", "2002/11", 
"2002/12", "2003/01", "2003/02", "2003/03", "2003/04", "2003/05", 
"2003/06", "2003/07", "2003/08", "2003/09", "2003/10", "2003/11", 
"2003/12", "2004/01", "2004/02", "2004/03", "2004/04", "2004/05", 
"2004/06", "2004/07", "2004/08", "2004/09", "2004/10", "2004/11", 
"2004/12", "2005/01", "2005/02", "2005/03", "2005/04", "2005/05", 
"2005/06", "2005/07", "2005/08", "2005/09", "2005/10", "2005/11", 
"2005/12", "2006/01", "2006/02", "2006/03", "2006/04", "2006/05", 
"2006/06", "2006/07", "2006/08", "2006/09", "2006/10", "2006/11", 
"2006/12", "2007/01", "2007/02", "2007/03", "2007/04", "2007/05", 
"2007/06", "2007/07"), validmonth = c("2001/09", "2001/10", "2001/11", 
"2001/12", "2002/01", "2002/02", "2002/03", "2002/04", "2002/05", 
"2002/06", "2002/07", "2002/08", "2002/09", "2002/10", "2002/11", 
"2002/12", "2003/01", "2003/02", "2003/03", "2003/04", "2003/05", 
"2003/06", "2003/07", "2003/08", "2003/09", "2003/10", "2003/11", 
"2003/12", "2004/01", "2004/02", "2004/03", "2004/04", "2004/05", 
"2004/06", "2004/07", "2004/08", "2004/09", "2004/10", "2004/11", 
"2004/12", "2005/01", "2005/02", "2005/03", "2005/04", "2005/05", 
"2005/06", "2005/07", "2005/08", "2005/09", "2005/10", "2005/11", 
"2005/12", "2006/01", "2006/02", "2006/03", "2006/04", "2006/05", 
"2006/06", "2006/07", "2006/08", "2006/09", "2006/10", "2006/11", 
"2006/12", "2007/01", "2007/02", "2007/03", "2007/04", "2007/05", 
"2007/06", "2007/07", "2007/08", "2007/09", "2007/10", "2007/11"
), EALR.ACC = c(0.349514563106796, 0.462686567164179, 0.230769230769231, 
0.389937106918239, 0.366666666666667, 0.200956937799043, 0.178571428571429, 
0.235449735449735, 0.375586854460094, 0.358490566037736, 0.351648351648352, 
0.242937853107345, 0.239852398523985, 0.24124513618677, 0.319371727748691, 
0.413934426229508, 0.415094339622642, 0.271493212669683, 0.0847457627118644, 
0.342857142857143, 0.247619047619048, 0.373493975903614, 0.285024154589372, 
0.198924731182796, 0.195266272189349, 0.313432835820896, 0.223214285714286, 
0.54014598540146, 0.689189189189189, 0.416184971098266, 0.472, 
0.476534296028881, 0.3, 0.160377358490566, 0.351648351648352, 
0.171428571428571, 0.331360946745562, 0.387755102040816, 0.400966183574879, 
0.422535211267606, 0.293785310734463, 0.162650602409639, 0.141509433962264, 
0.205240174672489, 0.365714285714286, 0.564705882352941, 0.574468085106383, 
0.423728813559322, 0.258823529411765, 0.383928571428571, 0.513761467889908, 
0.436507936507937, 0.288888888888889, 0.32520325203252, 0.416, 
0.460526315789474, 0.454545454545455, 0.214285714285714, 0.294117647058824, 
0.243243243243243, 0.234042553191489, 0.338709677419355, 0.30952380952381, 
0.390243902439024, 0.421875, 0.403225806451613, 0.222222222222222, 
0.2, 0.535714285714286, 0.333333333333333, 0.487179487179487, 
0.645161290322581, 0.608695652173913, 0.4375, 0), RandomForest.ACC = c(0.262135922330097, 
0.276119402985075, 0.0979020979020979, 0.176100628930818, 0.25, 
0.148325358851675, 0.142857142857143, 0.211640211640212, 0.234741784037559, 
0.150943396226415, 0.0659340659340659, 0.15819209039548, 0.166051660516605, 
0.147859922178988, 0.0890052356020942, 0.0737704918032787, 0.122641509433962, 
0.176470588235294, 0.169491525423729, 0.152380952380952, 0.20952380952381, 
0.186746987951807, 0.140096618357488, 0.0967741935483871, 0.0650887573964497, 
0.111940298507463, 0.0625, 0.072992700729927, 0.0337837837837838, 
0.208092485549133, 0.052, 0.0505415162454874, 0.272222222222222, 
0.0754716981132075, 0.384615384615385, 0.161904761904762, 0.159763313609467, 
0.0969387755102041, 0.178743961352657, 0.23943661971831, 0.192090395480226, 
0.246987951807229, 0.179245283018868, 0.135371179039301, 0.125714285714286, 
0.0352941176470588, 0.127659574468085, 0.135593220338983, 0.235294117647059, 
0.339285714285714, 0.174311926605505, 0.150793650793651, 0.111111111111111, 
0.113821138211382, 0.12, 0.197368421052632, 0.181818181818182, 
0.160714285714286, 0.205882352941176, 0.405405405405405, 0.170212765957447, 
0.161290322580645, 0.261904761904762, 0.341463414634146, 0.21875, 
0.17741935483871, 0.180555555555556, 0.107692307692308, 0.142857142857143, 
0.222222222222222, 0.205128205128205, 0.0967741935483871, 0.173913043478261, 
0, 0), J48.ACC = c(0.135922330097087, 0.156716417910448, 0.104895104895105, 
0.0691823899371069, 0.166666666666667, 0.210526315789474, 0.230519480519481, 
0.17989417989418, 0.389671361502347, 0.773584905660377, 0.142857142857143, 
0.0225988700564972, 0.173431734317343, 0.159533073929961, 0.104712041884817, 
0.147540983606557, 0.213836477987421, 0.18552036199095, 0.127118644067797, 
0.2, 0.219047619047619, 0.072289156626506, 0.115942028985507, 
0.236559139784946, 0.0710059171597633, 0.156716417910448, 0.0982142857142857, 
0.160583941605839, 0.0472972972972973, 0.161849710982659, 0.272, 
0.0216606498194946, 0.166666666666667, 0.132075471698113, 0.32967032967033, 
0.114285714285714, 0.325443786982249, 0.306122448979592, 0.193236714975845, 
0.234741784037559, 0.107344632768362, 0.27710843373494, 0.150943396226415, 
0.200873362445415, 0.217142857142857, 0.0117647058823529, 0.191489361702128, 
0.186440677966102, 0.282352941176471, 0.116071428571429, 0.100917431192661, 
0.198412698412698, 0.140740740740741, 0.32520325203252, 0.192, 
0.131578947368421, 0.109090909090909, 0.303571428571429, 0.117647058823529, 
0.27027027027027, 0.127659574468085, 0.32258064516129, 0.238095238095238, 
0.365853658536585, 0.125, 0.17741935483871, 0.180555555555556, 
0.0923076923076923, 0.0714285714285714, 0.296296296296296, 0.205128205128205, 
0.225806451612903, 0.217391304347826, 0.5, 0), IBk.ACC = c(0.233009708737864, 
0.253731343283582, 0.0839160839160839, 0.0566037735849057, 0.205555555555556, 
0.0717703349282297, 0.224025974025974, 0.26984126984127, 0.460093896713615, 
0.245283018867925, 0.0659340659340659, 0.0847457627118644, 0.143911439114391, 
0.22568093385214, 0.277486910994764, 0.147540983606557, 0.113207547169811, 
0.0316742081447964, 0.0254237288135593, 0.161904761904762, 0.0952380952380952, 
0.22289156626506, 0.111111111111111, 0.118279569892473, 0.0946745562130177, 
0.141791044776119, 0.169642857142857, 0.0656934306569343, 0.0405405405405405, 
0.138728323699422, 0.232, 0.0974729241877256, 0.338888888888889, 
0.0566037735849057, 0.296703296703297, 0.219047619047619, 0.165680473372781, 
0.214285714285714, 0.178743961352657, 0.262910798122066, 0.214689265536723, 
0.0301204819277108, 0.113207547169811, 0.0349344978165939, 0.108571428571429, 
0.105882352941176, 0.212765957446809, 0.220338983050847, 0.352941176470588, 
0.330357142857143, 0.348623853211009, 0.23015873015873, 0.0814814814814815, 
0.219512195121951, 0.208, 0.157894736842105, 0.127272727272727, 
0.267857142857143, 0.235294117647059, 0.432432432432432, 0.170212765957447, 
0.129032258064516, 0.404761904761905, 0.414634146341463, 0.25, 
0.306451612903226, 0.138888888888889, 0.2, 0.25, 0.185185185185185, 
0.179487179487179, 0.129032258064516, 0.130434782608696, 0.1875, 
0),