structure(list(trainfold = c(1, 2, 3, 4, 5, 6, 7, 8, 9, 10, 11, 
12, 13, 14, 15, 16, 17, 18, 19, 20, 21, 22, 23, 24, 25, 26, 27, 
28, 29, 30, 31, 32, 33, 34, 35, 36, 37, 38, 39, 40, 41, 42, 43, 
44, 45, 46, 47, 48, 49, 50, 51, 52, 53, 54, 55, 56, 57, 58, 59, 
60, 61, 62, 63, 64, 65, 66, 67, 68, 69, 70, 71, 72, 73, 74, 75, 
76, 77, 78, 79, 80, 81, 82, 83, 84, 85, 86, 87, 88, 89, 90, 91, 
92, 93, 94, 95, 96), validfold = c(5, 6, 7, 8, 9, 10, 11, 12, 
13, 14, 15, 16, 17, 18, 19, 20, 21, 22, 23, 24, 25, 26, 27, 28, 
29, 30, 31, 32, 33, 34, 35, 36, 37, 38, 39, 40, 41, 42, 43, 44, 
45, 46, 47, 48, 49, 50, 51, 52, 53, 54, 55, 56, 57, 58, 59, 60, 
61, 62, 63, 64, 65, 66, 67, 68, 69, 70, 71, 72, 73, 74, 75, 76, 
77, 78, 79, 80, 81, 82, 83, 84, 85, 86, 87, 88, 89, 90, 91, 92, 
93, 94, 95, 96, 97, 98, 99, 100), trainmonth = c("1998/08", "1998/09", 
"1998/10", "1998/11", "1998/12", "1999/01", "1999/02", "1999/03", 
"1999/04", "1999/05", "1999/06", "1999/07", "1999/08", "1999/09", 
"1999/10", "1999/11", "1999/12", "2000/01", "2000/02", "2000/03", 
"2000/04", "2000/05", "2000/06", "2000/07", "2000/08", "2000/09", 
"2000/10", "2000/11", "2000/12", "2001/01", "2001/02", "2001/03", 
"2001/04", "2001/05", "2001/06", "2001/07", "2001/08", "2001/09", 
"2001/10", "2001/11", "2001/12", "2002/01", "2002/02", "2002/03", 
"2002/04", "2002/05", "2002/06", "2002/07", "2002/08", "2002/09", 
"2002/10", "2002/11", "2002/12", "2003/01", "2003/02", "2003/03", 
"2003/04", "2003/05", "2003/06", "2003/07", "2003/08", "2003/09", 
"2003/10", "2003/11", "2003/12", "2004/01", "2004/02", "2004/03", 
"2004/04", "2004/05", "2004/06", "2004/07", "2004/08", "2004/09", 
"2004/10", "2004/11", "2004/12", "2005/01", "2005/02", "2005/03", 
"2005/04", "2005/05", "2005/06", "2005/07", "2005/08", "2005/09", 
"2005/10", "2005/11", "2005/12", "2006/01", "2006/02", "2006/03", 
"2006/04", "2006/05", "2006/06", "2006/07"), validmonth = c("1998/12", 
"1999/01", "1999/02", "1999/03", "1999/04", "1999/05", "1999/06", 
"1999/07", "1999/08", "1999/09", "1999/10", "1999/11", "1999/12", 
"2000/01", "2000/02", "2000/03", "2000/04", "2000/05", "2000/06", 
"2000/07", "2000/08", "2000/09", "2000/10", "2000/11", "2000/12", 
"2001/01", "2001/02", "2001/03", "2001/04", "2001/05", "2001/06", 
"2001/07", "2001/08", "2001/09", "2001/10", "2001/11", "2001/12", 
"2002/01", "2002/02", "2002/03", "2002/04", "2002/05", "2002/06", 
"2002/07", "2002/08", "2002/09", "2002/10", "2002/11", "2002/12", 
"2003/01", "2003/02", "2003/03", "2003/04", "2003/05", "2003/06", 
"2003/07", "2003/08", "2003/09", "2003/10", "2003/11", "2003/12", 
"2004/01", "2004/02", "2004/03", "2004/04", "2004/05", "2004/06", 
"2004/07", "2004/08", "2004/09", "2004/10", "2004/11", "2004/12", 
"2005/01", "2005/02", "2005/03", "2005/04", "2005/05", "2005/06", 
"2005/07", "2005/08", "2005/09", "2005/10", "2005/11", "2005/12", 
"2006/01", "2006/02", "2006/03", "2006/04", "2006/05", "2006/06", 
"2006/07", "2006/08", "2006/09", "2006/10", "2006/11"), EALR.ACC = c(0, 
0.583333333333333, 0.380952380952381, 0.333333333333333, 0.222222222222222, 
0.28, 0.222222222222222, 0.357142857142857, 0.333333333333333, 
0.0476190476190476, 0, 0, 0.319148936170213, 0.581818181818182, 
0.264705882352941, 0.357142857142857, 0.666666666666667, 0.4, 
0.0666666666666667, 0.407407407407407, 0.0952380952380952, 0.266666666666667, 
0.75, 0.166666666666667, 0.333333333333333, 0.0740740740740741, 
0.407407407407407, 0.0526315789473684, 0.1, 0.103448275862069, 
0.142857142857143, 0.0909090909090909, 0.388888888888889, 0.285714285714286, 
0.155172413793103, 0, 0, 0.103448275862069, 0.162162162162162, 
0.0158730158730159, 0.954545454545455, 0.962962962962963, 0.62962962962963, 
0.404255319148936, 0.109090909090909, 0.452830188679245, 0.507042253521127, 
0.516129032258065, 1, 0.972972972972973, 0.375, 0.0454545454545455, 
0.315789473684211, 0.181818181818182, 0.2, 1, 0.380952380952381, 
0.318181818181818, 0.482758620689655, 0.24, 0.0625, 0.142857142857143, 
0.428571428571429, 0.28125, 0.291666666666667, 0.3125, 0.285714285714286, 
0.343283582089552, 0.259259259259259, 0.25, 0.416666666666667, 
0.454545454545455, 0.218181818181818, 0.420454545454545, 0.401639344262295, 
0.166666666666667, 0.186440677966102, 0.583333333333333, 0.254545454545455, 
0.173913043478261, 0.2, 0.245614035087719, 0.276595744680851, 
0.4, 0.515151515151515, 0.321428571428571, 0.15625, 0.321428571428571, 
0.405405405405405, 0.458333333333333, 0.394736842105263, 0.314606741573034, 
0.379310344827586, 0.387096774193548, 0.526315789473684, 0.4), 
    RandomForest.ACC = c(0, 0.0833333333333333, 0.142857142857143, 
    0.285714285714286, 0.296296296296296, 0.32, 0.444444444444444, 
    0.428571428571429, 0.277777777777778, 0.238095238095238, 
    0.153846153846154, 0.166666666666667, 0.148936170212766, 
    0.127272727272727, 0.117647058823529, 0.321428571428571, 
    0.0833333333333333, 0.05, 0.133333333333333, 0.0740740740740741, 
    0.333333333333333, 0.2, 0.5, 0.333333333333333, 0.333333333333333, 
    0.333333333333333, 0.259259259259259, 0.210526315789474, 
    0.35, 0.310344827586207, 0.321428571428571, 0.0909090909090909, 
    0.138888888888889, 0.122448979591837, 0.0172413793103448, 
    0, 0.1, 0.586206896551724, 0.486486486486487, 0.793650793650794, 
    0.893939393939394, 0.851851851851852, 0.111111111111111, 
    0.340425531914894, 0.781818181818182, 0.528301886792453, 
    0.394366197183099, 0.5, 0.871794871794872, 0.513513513513513, 
    0.0833333333333333, 0.0909090909090909, 0.210526315789474, 
    0.454545454545455, 0.4, 0.833333333333333, 0.0952380952380952, 
    0.0454545454545455, 0.172413793103448, 0.28, 0.0625, 0.0952380952380952, 
    0.214285714285714, 0.125, 0.208333333333333, 0.0625, 0.25, 
    0.104477611940299, 0.037037037037037, 0.1, 0.166666666666667, 
    0.409090909090909, 0.2, 0.375, 0.352459016393443, 0.184210526315789, 
    0.169491525423729, 0.291666666666667, 0.163636363636364, 
    0.16304347826087, 0.157142857142857, 0.263157894736842, 0.212765957446809, 
    0.314285714285714, 0.303030303030303, 0.392857142857143, 
    0.1875, 0.357142857142857, 0.324324324324324, 0.145833333333333, 
    0.118421052631579, 0.146067415730337, 0.137931034482759, 
    0.161290322580645, 0.315789473684211, 0.1), J48.ACC = c(0, 
    0.25, 0.238095238095238, 0.0476190476190476, 0.296296296296296, 
    0.24, 0.111111111111111, 0.0714285714285714, 0.166666666666667, 
    0.333333333333333, 0, 0, 0.0638297872340425, 0.181818181818182, 
    0.176470588235294, 0.285714285714286, 0.5, 0.05, 0.166666666666667, 
    0, 0.476190476190476, 0.333333333333333, 0.75, 0.5, 0.2, 
    0.0740740740740741, 0.333333333333333, 0.157894736842105, 
    0.4, 0.103448275862069, 0.178571428571429, 0.242424242424242, 
    0.111111111111111, 0.326530612244898, 0.0517241379310345, 
    0.0416666666666667, 0, 0.758620689655172, 0.324324324324324, 
    0.698412698412698, 0.772727272727273, 0.777777777777778, 
    0.259259259259259, 0.404255319148936, 0.545454545454545, 
    0.60377358490566, 0.338028169014085, 0.241935483870968, 0.923076923076923, 
    0.891891891891892, 0.166666666666667, 0.0454545454545455, 
    0.210526315789474, 0.181818181818182, 0.2, 0.944444444444444, 
    0.285714285714286, 0.0909090909090909, 0.0689655172413793, 
    0.12, 0.1875, 0.0952380952380952, 0.142857142857143, 0.09375, 
    0.0833333333333333, 0.1875, 0.0892857142857143, 0.0746268656716418, 
    0.185185185185185, 0.1, 0.166666666666667, 0.409090909090909, 
    0.181818181818182, 0.306818181818182, 0.163934426229508, 
    0.114035087719298, 0.203389830508475, 0.25, 0.2, 0.206521739130435, 
    0.228571428571429, 0.157894736842105, 0.25531914893617, 0.2, 
    0.272727272727273, 0.321428571428571, 0.21875, 0.285714285714286, 
    0.0540540540540541, 0.125, 0.118421052631579, 0.179775280898876, 
    0.0689655172413793, 0.387096774193548, 0.210526315789474, 
    0.2),