structure(list(trainfold = c(1, 2, 3, 4, 5, 6, 7, 8, 9, 10, 11, 
12, 13, 14, 15, 16, 17, 18, 19, 20, 21, 22, 23, 24, 25, 26, 27, 
28, 29, 30, 31, 32, 33, 34, 35, 36, 37, 38, 39, 40, 41, 42, 43, 
44, 45, 46, 47, 48, 49, 50, 51, 52, 53, 54, 55, 56, 57, 58, 59, 
60, 61, 62, 63, 64, 65, 66, 67, 68, 69, 70, 71, 72, 73, 74, 75, 
76, 77, 78, 79), validfold = c(5, 6, 7, 8, 9, 10, 11, 12, 13, 
14, 15, 16, 17, 18, 19, 20, 21, 22, 23, 24, 25, 26, 27, 28, 29, 
30, 31, 32, 33, 34, 35, 36, 37, 38, 39, 40, 41, 42, 43, 44, 45, 
46, 47, 48, 49, 50, 51, 52, 53, 54, 55, 56, 57, 58, 59, 60, 61, 
62, 63, 64, 65, 66, 67, 68, 69, 70, 71, 72, 73, 74, 75, 76, 77, 
78, 79, 80, 81, 82, 83), trainmonth = c("2000/01", "2000/02", 
"2000/03", "2000/04", "2000/05", "2000/06", "2000/07", "2000/08", 
"2000/09", "2000/10", "2000/11", "2000/12", "2001/01", "2001/02", 
"2001/03", "2001/04", "2001/05", "2001/06", "2001/07", "2001/08", 
"2001/09", "2001/10", "2001/11", "2001/12", "2002/01", "2002/02", 
"2002/03", "2002/04", "2002/05", "2002/06", "2002/07", "2002/08", 
"2002/09", "2002/10", "2002/11", "2002/12", "2003/01", "2003/02", 
"2003/03", "2003/04", "2003/05", "2003/06", "2003/07", "2003/08", 
"2003/09", "2003/10", "2003/11", "2003/12", "2004/01", "2004/02", 
"2004/03", "2004/04", "2004/05", "2004/06", "2004/07", "2004/08", 
"2004/09", "2004/10", "2004/11", "2004/12", "2005/01", "2005/02", 
"2005/03", "2005/04", "2005/05", "2005/06", "2005/07", "2005/08", 
"2005/09", "2005/10", "2005/11", "2005/12", "2006/01", "2006/02", 
"2006/03", "2006/04", "2006/05", "2006/06", "2006/07"), validmonth = c("2000/05", 
"2000/06", "2000/07", "2000/08", "2000/09", "2000/10", "2000/11", 
"2000/12", "2001/01", "2001/02", "2001/03", "2001/04", "2001/05", 
"2001/06", "2001/07", "2001/08", "2001/09", "2001/10", "2001/11", 
"2001/12", "2002/01", "2002/02", "2002/03", "2002/04", "2002/05", 
"2002/06", "2002/07", "2002/08", "2002/09", "2002/10", "2002/11", 
"2002/12", "2003/01", "2003/02", "2003/03", "2003/04", "2003/05", 
"2003/06", "2003/07", "2003/08", "2003/09", "2003/10", "2003/11", 
"2003/12", "2004/01", "2004/02", "2004/03", "2004/04", "2004/05", 
"2004/06", "2004/07", "2004/08", "2004/09", "2004/10", "2004/11", 
"2004/12", "2005/01", "2005/02", "2005/03", "2005/04", "2005/05", 
"2005/06", "2005/07", "2005/08", "2005/09", "2005/10", "2005/11", 
"2005/12", "2006/01", "2006/02", "2006/03", "2006/04", "2006/05", 
"2006/06", "2006/07", "2006/08", "2006/09", "2006/10", "2006/11"
), EALR.F1 = c(0.105391817141738, 0.0552264758725596, 0.0483866061769305, 
0.112359098300646, 0.0605185041284564, 0.0368093296763401, 0.0646462335361798, 
0.0948507005793747, 0.0846844548971417, 0.0866821814072258, 0.113967772410304, 
0.0857906342439516, 0.0845292551816112, 0.0720717560592453, 0.0833328379590592, 
0.059602226643272, 0.0837516493602591, 0.134863277165818, 0.135384201658069, 
0.0958079649207909, 0.0963042023969585, 0.105849154989659, 0.0428567066370932, 
0.0574997064046241, 0.11144545562315, 0.107925454917802, 0.0695873233752385, 
0.0590027301787508, 0.0664890206558915, 0.041419835988935, 0.0661153233834318, 
0.129379585328744, 0.081217835452909, 0.0401332794102591, 0.101787765630365, 
0.119047194666416, 0.114034735612044, 0.111363391002607, 0.0916027115500721, 
0.0533330573383171, 0.129230343196671, 0.122761770162271, 0.0511808850914425, 
0.0672041327939524, 0.053445595226743, 0.0647616059224674, 0.154680917202885, 
0.104244100432117, 0.0502616266006168, 0.0826664719080144, 0.0476187075031379, 
0.0639997815508256, 0.103949769772125, 0.144032580738839, 0.169311669663578, 
0.138817093808283, 0.0535112202368398, 0.0754712922770132, 0.039215345477874, 
0.0432427591580853, 0, 0, 0.0132011157979106, 0.0193130771914297, 
0.0829874193159948, 0.0467363439149188, 0.0972968113391693, 0.106194300259871, 
0.0261381914852744, 0.0369512915729609, 0.0304180527641699, 0.0590807527335826, 
0.093877209655552, 0.0956932870609847, 0.0431653059141484, 0.0161029446877177, 
0.00589959398404242, 0.0162599608723554, 0.0136986031150843), 
    RandomForest.F1 = c(0.207142392067371, 0.245352671467646, 
    0.11111085500185, 0.205127739330446, 0.129869646400855, 0.139705507353948, 
    0.123076423197297, 0.172661516071324, 0.189830008481639, 
    0.198275523930422, 0.11333294853464, 0.124541807189957, 0.218288589205887, 
    0.177569618614249, 0.198412205500091, 0.262625765496809, 
    0.0558138157277603, 0.257626717242797, 0.174242020776875, 
    0.15384589944523, 0.191082429145928, 0.22666628186732, 0.109588748358823, 
    0.180790650069159, 0.185566595335182, 0.299269573659526, 
    0.264150446739591, 0.246072799101915, 0.274647399326398, 
    0.241070928931201, 0.249999516689174, 0.31128355003183, 0.204877579727427, 
    0.296295818321149, 0.288659377428831, 0.292134343251528, 
    0.118643858661673, 0.18791920201829, 0.28799957068864, 0.304347386579085, 
    0.279069418905549, 0.312924730251902, 0.216666167917815, 
    0.271999505408899, 0.207407078628779, 0.0990098068817677, 
    0.334346096396503, 0.239999619072605, 0.18518480109819, 0.223999548672909, 
    0.173912545160008, 0.294117157872786, 0.285713799445726, 
    0.254236793307484, 0.272188853052268, 0.291316118447951, 
    0.251968004216999, 0.284210031856816, 0.0330575643765075, 
    0.204379068038916, 0.289999509800829, 0.228813064494032, 
    0.191010752115858, 0.272726833138631, 0.213835981331006, 
    0.124087113646678, 0.20224670925503, 0.212765464294941, 0.21220117822622, 
    0.191950030002229, 0.246913083982098, 0.189572960267258, 
    0.207316619647036, 0.211764209274521, 0.143645925461777, 
    0.159999660017049, 0.161615839200725, 0.0727268932251208, 
    0.0258063309058716), J48.F1 = c(0.109414409310982, 0.159663366430485, 
    0.113820646674077, 0.106144800335864, 0.0148972976621402, 
    0.068627006538826, 0.0963852236184138, 0.0710654935745445, 
    0.131097213234303, 0.112244400512409, 0.143905581117477, 
    0.17198977867448, 0.111999500176453, 0.151723642593769, 0.10302981361114, 
    0.205127743800858, 0.0880824020404713, 0.178009977839146, 
    0.148147651562934, 0.148147705972366, 0.216748281687133, 
    0.215053284311392, 0.139917311386514, 0.0894113181918492, 
    0.19243936425065, 0.181069462583284, 0.178217322442554, 0.18421003497361, 
    0.215158443817166, 0.155124219582096, 0.121405273710905, 
    0.068570949733956, 0.170346521670399, 0.19531201101807, 0.0893466626535388, 
    0.186206398479335, 0.168830730309791, 0.165745433290662, 
    0.224851571164586, 0.139240029484088, 0.195348339644318, 
    0.208332833822812, 0.202246777427938, 0.155171931779143, 
    0.150684539970993, 0.0404039816346126, 0.199999652562962, 
    0.178861419790568, 0.195121451518234, 0.082473945831545, 
    0.0905345590969404, 0.197530364884664, 0.169971260471746, 
    0.254236793307484, 0.106508379680893, 0.279569428605233, 
    0.166089475462706, 0.298506963689852, 0.0535712372455813, 
    0.182691843936089, 0.189654800304601, 0.190475715440812, 
    0.01360503402585, 0.186602457453813, 0.131147042792062, 0.0771701310377603, 
    0.0882914179962941, 0.16931167671821, 0.20197985726947, 0.0329666271786454, 
    0.126125737269999, 0.102003324741123, 0.115829630925839, 
    0.0909086043001253, 0.136985801465514, 0.00793625183492094, 
    0.0378786478425746, 0.0649348996462295, 0.0342465091950987
    ),