structure(list(trainfold = c(1, 2, 3, 4, 5, 6, 7, 8, 9, 10, 11, 
12, 13, 14, 15, 16, 17, 18, 19, 20, 21, 22, 23, 24, 25, 26, 27, 
28, 29, 30, 31, 32, 33, 34, 35, 36, 37, 38, 39), validfold = c(5, 
6, 7, 8, 9, 10, 11, 12, 13, 14, 15, 16, 17, 18, 19, 20, 21, 22, 
23, 24, 25, 26, 27, 28, 29, 30, 31, 32, 33, 34, 35, 36, 37, 38, 
39, 40, 41, 42, 43), trainmonth = c("2002/11", "2002/12", "2003/01", 
"2003/02", "2003/03", "2003/04", "2003/05", "2003/06", "2003/07", 
"2003/08", "2003/09", "2003/10", "2003/11", "2003/12", "2004/01", 
"2004/02", "2004/03", "2004/04", "2004/05", "2004/06", "2004/07", 
"2004/08", "2004/09", "2004/10", "2004/11", "2004/12", "2005/01", 
"2005/02", "2005/04", "2005/05", "2005/06", "2005/07", "2005/08", 
"2005/09", "2005/10", "2005/11", "2005/12", "2006/01", "2006/02"
), validmonth = c("2003/03", "2003/04", "2003/05", "2003/06", 
"2003/07", "2003/08", "2003/09", "2003/10", "2003/11", "2003/12", 
"2004/01", "2004/02", "2004/03", "2004/04", "2004/05", "2004/06", 
"2004/07", "2004/08", "2004/09", "2004/10", "2004/11", "2004/12", 
"2005/01", "2005/02", "2005/04", "2005/05", "2005/06", "2005/07", 
"2005/08", "2005/09", "2005/10", "2005/11", "2005/12", "2006/01", 
"2006/02", "2006/03", "2006/04", "2006/05", "2006/06"), EALR.F1 = c(0.397058329612422, 
0.248648149014883, 0.177304532544687, 0.222996113587147, 0.26666623802538, 
0.28688480516058, 0.257575267935963, 0.272726775372808, 0.330826606366181, 
0.453487877569495, 0.515151026630399, 0.469230270296389, 0.378697729912065, 
0.373332834756221, 0.374268514894116, 0.361623121200008, 0.371680922547448, 
0.304635298452526, 0.307691874445876, 0.211381728865795, 0.248365620744778, 
0.326922608173749, 0.350876693137062, 0.315788975070039, 0.173912620038838, 
0.127659112722358, 0.164556544064513, 0.376067931624457, 0.366012575505821, 
0.280701273007905, 0.307691834320255, 0.28571382653135, 0.454544971074894, 
0.463767653854693, 0.301886292631657, 0.226414594518725, 0.123456373115263, 
0.329113491428224, 0.266666363022568), RandomForest.F1 = c(0.329411354394975, 
0.283581648474734, 0.251655145126145, 0.239999539200885, 0.14285682285786, 
0.24778719711871, 0.205882071907823, 0.147058448530368, 0.0851062098238018, 
0.137254774125455, 0.165680292426933, 0.429378111526472, 0.420454054752639, 
0.275861768794091, 0.121951043426786, 0.201438634232411, 0.076923002958651, 
0.307692047337498, 0.142856806123243, 0.279069386696031, 0.185184819616634, 
0.212765674966423, 0.0645159542148337, 0.181818016529076, 0.124999781250383, 
0.21428521683789, 0.282608195889353, 0.327868391293312, 0.128204944115978, 
0.0689651890622038, 0.19999950000125, 0.333333055555787, 0.285714040816536, 
0.333333055555787, 0.186046033532867, 0.0666664866671527, 0.432431976625754, 
0.322580332986775, 0.199999580000882), J48.F1 = c(0.335024906800639, 
0.234374582520275, 0.25563865498409, 0.159291621897855, 0.285713795919207, 
0.22857093877656, 0.239436294684036, 0.227544434724361, 0.0681817523244438, 
0.369747577148787, 0.252746977418486, 0.454545038223522, 0.195651886578872, 
0.317756562844544, 0.291666313368484, 0.236685989006668, 0.175438381040585, 
0.126983905266197, 0.304347420605455, 0.159999539201327, 0.205881874136062, 
0.266666211667443, 0.0975605425361283, 0.399999520000576, 0.451612407908972, 
0.186666186667901, 0.215053263499833, 0.363635951074848, 0.329544975465572, 
0.204081134528496, 0.181817685951766, 0.285713877551604, 0.363636066115946, 
0.411764316609365, 0.45161250040503, 0.244897464390837, 0.217390805294151, 
0.249999531250879, 0.499999507812985), IBk.F1 = c(0.394494918904751, 
0.248061593654945, 0.190475712713494, 0.166666222223407, 0.205127800132292, 
0.252426837591202, 0.194029586433864, 0.130081017648842, 0.0430105954451349, 
0.190476018140746, 0.205714057404335, 0.505494071247807, 0.431654180633042, 
0.288888555802853, 0.142856933106884, 0.195803945229916, 0.222221973847892, 
0.414633704640566, 0.452829718761613, 0.0555553580253937, 0.169491101408702, 
0.133333102222623, 0.124999781250383, 0.307691952663132, 0.124999781250383, 
0.139534461872557, 0.306121949813392, 0.374999506457261, 0.405593905815081, 
0.222221760803427, 0.666666172839872, 0.749999531250293, 0.363636066115946, 
0.387096462018982, 0.419752650511046, 0.214285214924633, 0.307691834320255, 
0.256409796187545, 0.199999580000882), ns.UP.F1 = c(0, 0, 0, 
0, 0, 0, 0, 0.368121129950684, 0.466076320429119, 0.0114280751235946, 
0.0156857929867157, 0.0167359023975561, 0.0100497791691675, 0.0116274222078799, 
0, 0, 0.00775146328248115, 0, 0, 0, 0, 0, 0, 0.0689650654012956, 
0, 0, 0, 0.00826402597760204, 0.00925882117984973, 0, 0, 0.0909087396707785, 
0.0399995392053084, 0, 0.020407773435185, 0.066666317918491, 
0, 0, 0), nm.UP.F1 = c(0.0141337861299016, 0, 0, 0, 0, 0.053811199103051, 
0.0790269046320579, 0.375711262778003, 0.482352566176762, 0.449999501250553, 
0.65066618459058, 0.567975362255204, 0.102272236572602, 0.0987649397220096, 
0.155555071359532, 0.057970521218228, 0.0779215869298755, 0.267515468376774, 
0.173076489830966, 0.201341944597655, 0.210525921832455, 0.0192303004921947, 
0, 0.411764290657858, 0.249999686728788, 0.0112356747955276, 
0.064814474324491, 0.357142455204534, 0.364372063466499, 0.217390929348473, 
0.0869561814758116, 0.249999670139324, 0.235293660900541, 0, 
0.269230394231292, 0.279069436452529, 0.0517238097523795, 0.038094875286902, 
0), nf.UP.F1 = c(0.233676490122761, 0.0218973690749004, 0.165680085414584, 
0.165562524451598, 0.0416662534763197, 0.155101601000831, 0.210242163978157, 
0.378071522371889, 0.485379743425615, 0.324872597078765, 0.661375180538408, 
0.591715511782165, 0.401673206421925, 0.360464631490647, 0.323231855117503, 
0.31788031314489, 0.317828982633964, 0.194804735622604, 0.109889647629043, 
0.219177739914214, 0.238410200430462, 0.196428117507427, 0.172839053803958, 
0.411764290657858, 0.249999686728788, 0.140540268809875, 0.133890897429012, 
0.362988922785109, 0.349205947972242, 0.208332968967651, 0.173912703214276, 
0.249999670139324, 0.366666246667148, 0.228570969388678, 0.342341983605603, 
0.285713948979989, 0.112149184733371, 0.043010359582735, 0), 
    entropy.UP.F1 = c(0.354650706750857, 0, 0.201634509990349, 
    0.224923644091104, 0.0386469483108757, 0.201612466182009, 
    0.225351678699507, 0.346554988393855, 0.467948321519895, 
    0.443298469285291, 0.647886834263413, 0.55263109591455, 0.426666219299234, 
    0.437499533908917, 0.392156400423459, 0.359132656845788, 
    0.34482711351924, 0.324674865492301, 0.219999557800889, 0.236220095480792, 
    0.296295873361372, 0.258620243312304, 0, 0.451612466181484, 
    0.277777464506526, 0.178010206409209, 0.214875720067391, 
    0.376922656923545, 0.406925984520968, 0.297871970801726, 
    0.260869224953185, 0.285713922902955, 0.377358042008365, 
    0.382352476211638, 0.360360001623602, 0.322033545389643, 
    0.157894404432833, 0.213114428245594, 0.24324293645035), 
    lt.UP.F1 = c(0.339942892215445, 0.258064079085027, 0.178461140753549, 
    0.176678039681786, 0.187191718703078, 0.201549959738905, 
    0.21563299955765, 0.378071522371889, 0.485379743425615, 0.518181327479804, 
    0.675461261005208, 0.591715511782165, 0.449798772665357, 
    0.428570952723629, 0.40579664206918, 0.342341878058868, 0.355072001680921, 
    0.296295847813512, 0.145832882162854, 0.193103104305012, 
    0.232257675422088, 0.245901204381312, 0.210525900056223, 
    0.437499570312922, 0.264705555363726, 0.111800939007805, 
    0.180995140231164, 0.339222215535687, 0.359999596800452, 
    0.229884668516975, 0, 0.249999670139324, 0.344827158145597, 
    0.318840117623018, 0.299065052668808, 0.303999661312377, 
    0.134453459502219, 0.0661153746345059, 0.0571425371446491
    ),