structure(list(trainfold = c(1, 2, 3, 4, 5, 6, 7, 8, 9, 10, 11, 
12, 13, 14, 15, 16, 17, 18, 19, 20, 21, 22, 23, 24, 25, 26, 27, 
28, 29, 30, 31, 32, 33, 34, 35, 36, 37, 38, 39, 40, 41, 42, 43, 
44, 45, 46, 47, 48, 49, 50, 51, 52, 53, 54, 55, 56, 57, 58, 59, 
60, 61, 62, 63, 64, 65, 66, 67, 68, 69, 70, 71, 72, 73, 74, 75
), validfold = c(5, 6, 7, 8, 9, 10, 11, 12, 13, 14, 15, 16, 17, 
18, 19, 20, 21, 22, 23, 24, 25, 26, 27, 28, 29, 30, 31, 32, 33, 
34, 35, 36, 37, 38, 39, 40, 41, 42, 43, 44, 45, 46, 47, 48, 49, 
50, 51, 52, 53, 54, 55, 56, 57, 58, 59, 60, 61, 62, 63, 64, 65, 
66, 67, 68, 69, 70, 71, 72, 73, 74, 75, 76, 77, 78, 79), trainmonth = c("2001/05", 
"2001/06", "2001/07", "2001/08", "2001/09", "2001/10", "2001/11", 
"2001/12", "2002/01", "2002/02", "2002/03", "2002/04", "2002/05", 
"2002/06", "2002/07", "2002/08", "2002/09", "2002/10", "2002/11", 
"2002/12", "2003/01", "2003/02", "2003/03", "2003/04", "2003/05", 
"2003/06", "2003/07", "2003/08", "2003/09", "2003/10", "2003/11", 
"2003/12", "2004/01", "2004/02", "2004/03", "2004/04", "2004/05", 
"2004/06", "2004/07", "2004/08", "2004/09", "2004/10", "2004/11", 
"2004/12", "2005/01", "2005/02", "2005/03", "2005/04", "2005/05", 
"2005/06", "2005/07", "2005/08", "2005/09", "2005/10", "2005/11", 
"2005/12", "2006/01", "2006/02", "2006/03", "2006/04", "2006/05", 
"2006/06", "2006/07", "2006/08", "2006/09", "2006/10", "2006/11", 
"2006/12", "2007/01", "2007/02", "2007/03", "2007/04", "2007/05", 
"2007/06", "2007/07"), validmonth = c("2001/09", "2001/10", "2001/11", 
"2001/12", "2002/01", "2002/02", "2002/03", "2002/04", "2002/05", 
"2002/06", "2002/07", "2002/08", "2002/09", "2002/10", "2002/11", 
"2002/12", "2003/01", "2003/02", "2003/03", "2003/04", "2003/05", 
"2003/06", "2003/07", "2003/08", "2003/09", "2003/10", "2003/11", 
"2003/12", "2004/01", "2004/02", "2004/03", "2004/04", "2004/05", 
"2004/06", "2004/07", "2004/08", "2004/09", "2004/10", "2004/11", 
"2004/12", "2005/01", "2005/02", "2005/03", "2005/04", "2005/05", 
"2005/06", "2005/07", "2005/08", "2005/09", "2005/10", "2005/11", 
"2005/12", "2006/01", "2006/02", "2006/03", "2006/04", "2006/05", 
"2006/06", "2006/07", "2006/08", "2006/09", "2006/10", "2006/11", 
"2006/12", "2007/01", "2007/02", "2007/03", "2007/04", "2007/05", 
"2007/06", "2007/07", "2007/08", "2007/09", "2007/10", "2007/11"
), EALR.F1 = c(0.154838364796698, 0.264391915931181, 0.276150146952045, 
0.258332890287218, 0.234457824330631, 0.246333836345631, 0.221773722815775, 
0.218136757606382, 0.240601068343826, 0.256756297024198, 0.301886302466085, 
0.231182296870657, 0.198170246808333, 0.197137831499942, 0.206779223160939, 
0.239904576503886, 0.230567284398784, 0.198019338600786, 0.135134811907274, 
0.218844550217509, 0.182455674978103, 0.221824269393165, 0.206293244444528, 
0.16591879627724, 0.164999512013943, 0.238635892110952, 0.203251536520478, 
0.2499996442721, 0.226666391862062, 0.205420455620421, 0.24842066482055, 
0.248119915627894, 0.199261548999503, 0.143459421177086, 0.307691815505595, 
0.179103978615781, 0.226262176562469, 0.216832692730311, 0.240579290145661, 
0.24193507521531, 0.160493430085002, 0.215999553792922, 0.114503335005815, 
0.146874540436008, 0.192191804755987, 0.24303763691763, 0.197080007752554, 
0.1265820243684, 0.0999996882757651, 0.180293141710125, 0.227641931497978, 
0.202951672663037, 0.120929901569321, 0.129240392378923, 0.147517438761203, 
0.193905484765113, 0.185873280635165, 0.143712129084534, 0.157479922872822, 
0.124137550916741, 0.10731671976321, 0.145328382706927, 0.134020279307905, 
0.198757384360896, 0.254716559630459, 0.240384196931202, 0.111887735147241, 
0.0973779087951765, 0.194804897284988, 0.128571117245652, 0.123376402197226, 
0.126182788842807, 0.0891718387563429, 0.0645159924401371, 0), 
    RandomForest.F1 = c(0.243242745841452, 0.304526254264212, 
    0.139999592451186, 0.254545053760962, 0.310344356718907, 
    0.22382634435542, 0.186046057329395, 0.273503816226932, 0.193049708823385, 
    0.202531203974685, 0.116504648506349, 0.241378948610827, 
    0.24258720730079, 0.18357440840047, 0.142856825895767, 0.121621331994846, 
    0.198472973603417, 0.231453554474372, 0.235293693011147, 
    0.242423917011456, 0.295301597225937, 0.27192942859399, 0.22053198421309, 
    0.165898372613923, 0.117646884841116, 0.177514464480143, 
    0.0985912160296923, 0.116278745606637, 0.0571425961807836, 
    0.218844486138552, 0.0844152787158988, 0.0821111320347405, 
    0.243175684353473, 0.12499971533268, 0.358973861197271, 0.23943623437872, 
    0.186850725447557, 0.123778039959706, 0.226993401465059, 
    0.228699052576045, 0.237761766028615, 0.322834192821021, 
    0.252491277845302, 0.219857850787608, 0.203703396133866, 
    0.0624997970926726, 0.190475811540184, 0.149532215566315, 
    0.246913081467247, 0.322033399598589, 0.223528951627245, 
    0.191918729110391, 0.162161767714619, 0.173912682844774, 
    0.164834734634621, 0.252100378787654, 0.266666275556129, 
    0.222221795458829, 0.179486687706804, 0.243902018376031, 
    0.135592741024389, 0.155038260442687, 0.178861338886715, 
    0.333332833617529, 0.247787119430843, 0.226803662451783, 
    0.230088033206349, 0.155555154322023, 0.181817719009443, 
    0.210525817175696, 0.13114710602133, 0.13043434310167, 0.129031791364851, 
    0, 0), J48.F1 = c(0.142131480740755, 0.114440953279429, 0.138248398480936, 
    0.108910555975936, 0.16949102556884, 0.24309343461836, 0.19667541105546, 
    0.232478175201425, 0.283760220697666, 0.18594083160847, 0.158536091390593, 
    0.0430106605967979, 0.23267282566744, 0.232294221573756, 
    0.149253321815559, 0.22429870075078, 0.248628398063846, 0.234285248833578, 
    0.180722480477056, 0.224598438046205, 0.25698275522079, 0.120602738416331, 
    0.176470224508751, 0.258064020262216, 0.12060275902178, 0.19266007676238, 
    0.121546489547327, 0.199094551382127, 0.0686270526743609, 
    0.131147058977579, 0.283924344385708, 0.0387094871809557, 
    0.171428071838191, 0.210525992199039, 0.340908591490918, 
    0.159999580001103, 0.310733964299055, 0.267856650670547, 
    0.225988214929704, 0.214591778363247, 0.147859493407654, 
    0.288400754749736, 0.222221833719815, 0.240208396458775, 
    0.257626636025035, 0.0199997450032512, 0.202246692590548, 
    0.148648169194388, 0.199999542535769, 0.147726809918805, 
    0.111110616214836, 0.177304470199054, 0.17351550885223, 0.251571852676817, 
    0.198346607985685, 0.1980194294684, 0.139534422662421, 0.26153797112518, 
    0.102563610784738, 0.198019337713078, 0.118811383591928, 
    0.209423645295729, 0.119760102550576, 0.212765544993506, 
    0.153845680474829, 0.184873450463885, 0.184396663348269, 
    0.119999545001725, 0.0909086281015297, 0.22535164134199, 
    0.175823686029622, 0.135921909323576, 0.136985869770547, 
    0.131147313088276, 0),