structure(list(trainfold = c(1, 2, 3, 4, 5, 6, 7, 8, 9, 10, 11, 
12, 13, 14, 15, 16, 17, 18, 19, 20, 21, 22, 23, 24, 25, 26, 27, 
28, 29, 30, 31, 32, 33, 34, 35, 36, 37, 38, 39, 40, 41, 42, 43, 
44, 45, 46, 47, 48, 49, 50, 51, 52, 53, 54, 55, 56, 57, 58, 59, 
60, 61, 62, 63, 64, 65, 66, 67, 68, 69, 70, 71, 72, 73, 74, 75, 
76, 77, 78, 79, 80, 81, 82, 83, 84, 85, 86, 87, 88, 89, 90, 91, 
92, 93, 94, 95, 96), validfold = c(5, 6, 7, 8, 9, 10, 11, 12, 
13, 14, 15, 16, 17, 18, 19, 20, 21, 22, 23, 24, 25, 26, 27, 28, 
29, 30, 31, 32, 33, 34, 35, 36, 37, 38, 39, 40, 41, 42, 43, 44, 
45, 46, 47, 48, 49, 50, 51, 52, 53, 54, 55, 56, 57, 58, 59, 60, 
61, 62, 63, 64, 65, 66, 67, 68, 69, 70, 71, 72, 73, 74, 75, 76, 
77, 78, 79, 80, 81, 82, 83, 84, 85, 86, 87, 88, 89, 90, 91, 92, 
93, 94, 95, 96, 97, 98, 99, 100), trainmonth = c("1998/08", "1998/09", 
"1998/10", "1998/11", "1998/12", "1999/01", "1999/02", "1999/03", 
"1999/04", "1999/05", "1999/06", "1999/07", "1999/08", "1999/09", 
"1999/10", "1999/11", "1999/12", "2000/01", "2000/02", "2000/03", 
"2000/04", "2000/05", "2000/06", "2000/07", "2000/08", "2000/09", 
"2000/10", "2000/11", "2000/12", "2001/01", "2001/02", "2001/03", 
"2001/04", "2001/05", "2001/06", "2001/07", "2001/08", "2001/09", 
"2001/10", "2001/11", "2001/12", "2002/01", "2002/02", "2002/03", 
"2002/04", "2002/05", "2002/06", "2002/07", "2002/08", "2002/09", 
"2002/10", "2002/11", "2002/12", "2003/01", "2003/02", "2003/03", 
"2003/04", "2003/05", "2003/06", "2003/07", "2003/08", "2003/09", 
"2003/10", "2003/11", "2003/12", "2004/01", "2004/02", "2004/03", 
"2004/04", "2004/05", "2004/06", "2004/07", "2004/08", "2004/09", 
"2004/10", "2004/11", "2004/12", "2005/01", "2005/02", "2005/03", 
"2005/04", "2005/05", "2005/06", "2005/07", "2005/08", "2005/09", 
"2005/10", "2005/11", "2005/12", "2006/01", "2006/02", "2006/03", 
"2006/04", "2006/05", "2006/06", "2006/07"), validmonth = c("1998/12", 
"1999/01", "1999/02", "1999/03", "1999/04", "1999/05", "1999/06", 
"1999/07", "1999/08", "1999/09", "1999/10", "1999/11", "1999/12", 
"2000/01", "2000/02", "2000/03", "2000/04", "2000/05", "2000/06", 
"2000/07", "2000/08", "2000/09", "2000/10", "2000/11", "2000/12", 
"2001/01", "2001/02", "2001/03", "2001/04", "2001/05", "2001/06", 
"2001/07", "2001/08", "2001/09", "2001/10", "2001/11", "2001/12", 
"2002/01", "2002/02", "2002/03", "2002/04", "2002/05", "2002/06", 
"2002/07", "2002/08", "2002/09", "2002/10", "2002/11", "2002/12", 
"2003/01", "2003/02", "2003/03", "2003/04", "2003/05", "2003/06", 
"2003/07", "2003/08", "2003/09", "2003/10", "2003/11", "2003/12", 
"2004/01", "2004/02", "2004/03", "2004/04", "2004/05", "2004/06", 
"2004/07", "2004/08", "2004/09", "2004/10", "2004/11", "2004/12", 
"2005/01", "2005/02", "2005/03", "2005/04", "2005/05", "2005/06", 
"2005/07", "2005/08", "2005/09", "2005/10", "2005/11", "2005/12", 
"2006/01", "2006/02", "2006/03", "2006/04", "2006/05", "2006/06", 
"2006/07", "2006/08", "2006/09", "2006/10", "2006/11"), EALR.F1 = c(0, 
0.482758135553401, 0.444443958333865, 0.399999520000576, 0.249999507813469, 
0.311110617284734, 0.307691881657395, 0.434782132325664, 0.444444000000444, 
0.0869563629492502, 0, 0, 0.384614905654771, 0.499999509888176, 
0.285713788864558, 0.37735799216869, 0.432431994156763, 0.326530129113584, 
0.117646851211439, 0.366666171667335, 0.129031821021251, 0.380951972789553, 
0.705881854671632, 0.181817685951766, 0.370369876543868, 0.137930906064329, 
0.439999503200561, 0.0952379229028062, 0.148147764061352, 0.166666353395651, 
0.199999580000882, 0.153845893491565, 0.451612416233616, 0.337348913921437, 
0.185566529494284, 0, 0, 0.124999521703219, 0.19354790582846, 
0.030769171124376, 0.659685411584422, 0.348992991847466, 0.300884592059332, 
0.251655200386678, 0.15189831116926, 0.406779166188479, 0.489795418946319, 
0.492307193373287, 0.639343827331659, 0.626086520075919, 0.382978223631254, 
0.0869564385634066, 0.279069274203143, 0.266666275556129, 0.222221728396159, 
0.642856706632949, 0.399999501250622, 0.35897386719331, 0.466666167222757, 
0.363635996327276, 0.111110913580598, 0.199999580000882, 0.413792604043409, 
0.281249500000889, 0.318181322314822, 0.399999539200531, 0.363635900827035, 
0.396551236177771, 0.388888513889251, 0.23809473923007, 0.384614887574607, 
0.370369887517776, 0.258064032837071, 0.418078596061755, 0.443438419443233, 
0.267605317199343, 0.265059829874349, 0.509090417190558, 0.307691829489935, 
0.248061606394521, 0.304347462193252, 0.288659309172883, 0.356163924939603, 
0.378377879839956, 0.465752929255547, 0.391303871456157, 0.212765522861911, 
0.359999507200675, 0.447760699488183, 0.335877398287455, 0.333332845432813, 
0.366012585245638, 0.403669226833372, 0.28915615851433, 0.259739888008628, 
0.210525927978554), RandomForest.F1 = c(0, 0.124999625001125, 
0.230768920118761, 0.387096337149297, 0.41025598422135, 0.457142448979956, 
0.444443944445007, 0.499999513889362, 0.399999596800406, 0.344827186682984, 
0.235293757786017, 0.249999625000562, 0.254545205950656, 0.225806251300906, 
0.205127981591302, 0.486486118334829, 0.111110666668444, 0.0769227218951297, 
0.235293910034785, 0.129032033299039, 0.399999520000576, 0.315789141274588, 
0.666666222222519, 0.399999520000576, 0.499999625000281, 0.439023940512061, 
0.333332874150292, 0.266666202223031, 0.466666222222646, 0.391303881853107, 
0.391303871456157, 0.146341149316558, 0.222221902222683, 0.196720995431843, 
0.0307690385810821, 0, 0.10526265928214, 0.531249504394994, 0.562499512207454, 
0.689654680999161, 0.634408144294468, 0.330934938771581, 0.136363162191732, 
0.301886298861612, 0.558441099258263, 0.533332833379153, 0.434108032210167, 
0.525423230106765, 0.739129946361381, 0.558823033304939, 0.153846011834451, 
0.166666513889029, 0.296295879287281, 0.434782109641405, 0.521738676748977, 
0.652173436673316, 0.173912884688236, 0.0869564385634066, 0.263157533241494, 
0.399999591837151, 0.11764694809699, 0.13793063495954, 0.299999580000588, 
0.216215982469208, 0.31249962500045, 0.11764694809699, 0.373332955022606, 
0.18918901789643, 0.0714285025510868, 0.148147764061352, 0.285714040816536, 
0.49999952469181, 0.333333055555787, 0.420381672928485, 0.443298502285538, 
0.293705970365655, 0.285714020816572, 0.368420587258206, 0.253520777623968, 
0.275229094520915, 0.268292433075783, 0.322580170656265, 0.350876903662904, 
0.360655248589752, 0.357142373087391, 0.448979102041351, 0.292682584176487, 
0.408162775510792, 0.428570980230061, 0.233333013333772, 0.202246941548092, 
0.249999753143735, 0.222221908951059, 0.238094851474551, 0.399999535556095, 
0.142856734695044),